# E [eV] - Phi [eV^-1 cm^-2 s^-1]
  1.300000e+07   1.836000e-08
  3.000000e+07   2.900000e-08
  6.000000e+07   1.954000e-08
  1.000000e+08   1.378600e-08
  1.060000e+08   1.378600e-08
  1.122000e+08   1.208200e-08
  1.258900e+08   1.053300e-08
  1.412500e+08   9.118700e-09
  1.584900e+08   7.828200e-09
  1.778300e+08   6.659900e-09
  1.995300e+08   5.617000e-09
  2.238700e+08   4.695800e-09
  2.511900e+08   3.893100e-09
  2.818400e+08   3.199100e-09
  3.162300e+08   2.610700e-09
  3.548100e+08   2.117500e-09
  3.981100e+08   1.705900e-09
  4.466800e+08   1.367000e-09
  5.011900e+08   1.088300e-09
  5.623400e+08   8.618100e-10
  6.309600e+08   6.791200e-10
  7.079500e+08   5.318300e-10
  7.943300e+08   4.145500e-10
  8.912500e+08   3.213800e-10
  1.000000e+09   2.479900e-10
  1.122000e+09   1.906000e-10
  1.258900e+09   1.459100e-10
  1.412500e+09   1.110900e-10
  1.584900e+09   8.416800e-11
  1.778300e+09   6.342400e-11
  1.995300e+09   4.749500e-11
  2.238700e+09   3.539900e-11
  2.511900e+09   2.624500e-11
  2.818400e+09   1.933800e-11
  3.162300e+09   1.419300e-11
  3.548100e+09   1.036700e-11
  3.981100e+09   7.547500e-12
  4.466800e+09   5.470400e-12
  5.011900e+09   3.949400e-12
  5.623400e+09   2.844400e-12
  6.309600e+09   2.039000e-12
  7.079500e+09   1.457300e-12
  7.943300e+09   1.040500e-12
  8.912500e+09   7.410100e-13
  1.000000e+10   5.262200e-13
  1.122000e+10   3.731100e-13
  1.258900e+10   2.641500e-13
  1.412500e+10   1.868600e-13
  1.584900e+10   1.323400e-13
  1.778300e+10   9.361700e-14
  1.995300e+10   6.611700e-14
  2.238700e+10   4.666300e-14
  2.511900e+10   3.297100e-14
  2.818400e+10   2.329500e-14
  3.162300e+10   1.647000e-14
  3.548100e+10   1.161500e-14
  3.981100e+10   8.186700e-15
  4.466800e+10   5.766400e-15
  5.011900e+10   4.059600e-15
  5.623400e+10   2.856400e-15
  6.309600e+10   2.009300e-15
  7.079500e+10   1.412200e-15
  7.943300e+10   9.916900e-16
  8.912500e+10   6.966100e-16
  1.000000e+11   4.887200e-16
  1.122000e+11   3.424800e-16
  1.258900e+11   2.399300e-16
  1.412500e+11   1.679700e-16
  1.584900e+11   1.175400e-16
  1.778300e+11   8.218900e-17
  1.995300e+11   5.740900e-17
  2.238700e+11   4.008000e-17
  2.511900e+11   2.795600e-17
  2.818400e+11   1.949800e-17
  3.162300e+11   1.361400e-17
  3.548100e+11   9.462700e-18
  3.981100e+11   6.582900e-18
  4.466800e+11   4.577400e-18
  5.011900e+11   3.179300e-18
  5.623400e+11   2.213300e-18
  6.309600e+11   1.530000e-18
  7.079500e+11   1.059400e-18
  7.943300e+11   7.326800e-19
  8.912500e+11   5.060400e-19
  1.000000e+12   3.507100e-19
  1.122000e+12   2.405500e-19
  1.258900e+12   1.653700e-19
  1.412500e+12   1.135100e-19
  1.584900e+12   7.779900e-20
  1.778300e+12   5.323000e-20
  1.995300e+12   3.644300e-20
  2.238700e+12   2.485300e-20
  2.511900e+12   1.691900e-20
  2.818400e+12   1.149300e-20
  3.162300e+12   7.928200e-21
  3.548100e+12   5.274600e-21
  3.981100e+12   3.562300e-21
  4.466800e+12   2.400500e-21
  5.011900e+12   1.615700e-21
  5.623400e+12   1.085600e-21
  6.309600e+12   7.289100e-22
  7.079500e+12   4.878400e-22
  7.943300e+12   3.259900e-22
  8.912500e+12   2.176200e-22
  1.000000e+13   1.448600e-22
  9.120100e+13   9.729600e-26
  2.290900e+14   4.429800e-27
