# E [eV] - Phi [eV^-1 cm^-2 s^-1]
  1.300000e+07   1.797000e-08
  3.000000e+07   3.050000e-08
  6.000000e+07   1.920000e-08
  1.000000e+08   1.396100e-08
  1.060000e+08   1.396100e-08
  1.122000e+08   1.217400e-08
  1.258900e+08   1.055100e-08
  1.412500e+08   9.086500e-09
  1.584900e+08   7.766300e-09
  1.778300e+08   6.577600e-09
  1.995300e+08   5.517900e-09
  2.238700e+08   4.587200e-09
  2.511900e+08   3.783900e-09
  2.818400e+08   3.097600e-09
  3.162300e+08   2.516800e-09
  3.548100e+08   2.032900e-09
  3.981100e+08   1.632000e-09
  4.466800e+08   1.300600e-09
  5.011900e+08   1.030600e-09
  5.623400e+08   8.122400e-10
  6.309600e+08   6.368100e-10
  7.079500e+08   4.965900e-10
  7.943300e+08   3.851600e-10
  8.912500e+08   2.971600e-10
  1.000000e+09   2.280100e-10
  1.122000e+09   1.742600e-10
  1.258900e+09   1.324800e-10
  1.412500e+09   1.002600e-10
  1.584900e+09   7.542100e-11
  1.778300e+09   5.639500e-11
  1.995300e+09   4.198300e-11
  2.238700e+09   3.109900e-11
  2.511900e+09   2.292100e-11
  2.818400e+09   1.676800e-11
  3.162300e+09   1.223100e-11
  3.548100e+09   8.880800e-12
  3.981100e+09   6.419900e-12
  4.466800e+09   4.631300e-12
  5.011900e+09   3.329100e-12
  5.623400e+09   2.383000e-12
  6.309600e+09   1.700000e-12
  7.079500e+09   1.209900e-12
  7.943300e+09   8.599500e-13
  8.912500e+09   6.099700e-13
  1.000000e+10   4.313300e-13
  1.122000e+10   3.046400e-13
  1.258900e+10   2.148900e-13
  1.412500e+10   1.516300e-13
  1.584900e+10   1.068200e-13
  1.778300e+10   7.511000e-14
  1.995300e+10   5.297300e-14
  2.238700e+10   3.725000e-14
  2.511900e+10   2.610700e-14
  2.818400e+10   1.837100e-14
  3.162300e+10   1.296900e-14
  3.548100e+10   9.101200e-15
  3.981100e+10   6.384200e-15
  4.466800e+10   4.475400e-15
  5.011900e+10   3.135300e-15
  5.623400e+10   2.194800e-15
  6.309600e+10   1.534500e-15
  7.079500e+10   1.072300e-15
  7.943300e+10   7.487800e-16
  8.912500e+10   5.222900e-16
  1.000000e+11   3.644700e-16
  1.122000e+11   2.537800e-16
  1.258900e+11   1.766100e-16
  1.412500e+11   1.227900e-16
  1.584900e+11   8.531300e-17
  1.778300e+11   5.922100e-17
  1.995300e+11   4.107200e-17
  2.238700e+11   2.847100e-17
  2.511900e+11   1.972000e-17
  2.818400e+11   1.364500e-17
  3.162300e+11   9.448900e-18
  3.548100e+11   6.519400e-18
  3.981100e+11   4.502300e-18
  4.466800e+11   3.106300e-18
  5.011900e+11   2.140500e-18
  5.623400e+11   1.478400e-18
  6.309600e+11   1.014400e-18
  7.079500e+11   6.966700e-19
  7.943300e+11   4.780600e-19
  8.912500e+11   3.277000e-19
  1.000000e+12   2.251500e-19
  1.122000e+12   1.532700e-19
  1.258900e+12   1.045900e-19
  1.412500e+12   7.123900e-20
  1.584900e+12   4.849000e-20
  1.778300e+12   3.297900e-20
  1.995300e+12   2.244000e-20
  2.238700e+12   1.518900e-20
  2.511900e+12   1.027100e-20
  2.818400e+12   6.937600e-21
  3.162300e+12   4.749900e-21
  3.548100e+12   3.143000e-21
  3.981100e+12   2.109300e-21
  4.466800e+12   1.413000e-21
  5.011900e+12   9.457900e-22
  5.623400e+12   6.317200e-22
  6.309600e+12   4.206900e-22
  7.079500e+12   2.797900e-22
  7.943300e+12   1.857400e-22
  8.912500e+12   1.228700e-22
  1.000000e+13   8.123400e-23
  9.120100e+13   9.729600e-26
  2.290900e+14   4.429800e-27
