# E [eV] - Phi [eV^-1 cm^-2 s^-1]
  2.200000e-04   8.471200e+04
  2.300000e-04   8.701300e+04
  2.400000e-04   8.926500e+04
  2.500000e-04   9.147100e+04
  2.600000e-04   9.362800e+04
  2.700000e-04   9.573700e+04
  2.800000e-04   9.779800e+04
  2.900000e-04   9.981100e+04
  3.000000e-04   1.017800e+05
  3.100000e-04   1.036900e+05
  3.200000e-04   1.055600e+05
  3.300000e-04   1.073800e+05
  3.400000e-04   1.091600e+05
  3.500000e-04   1.108800e+05
  3.600000e-04   1.125600e+05
  3.700000e-04   1.141900e+05
  3.800000e-04   1.157700e+05
  3.900000e-04   1.173100e+05
  4.000000e-04   1.187900e+05
  4.100000e-04   1.202400e+05
  4.200000e-04   1.216300e+05
  4.300000e-04   1.229800e+05
  4.400000e-04   1.242900e+05
  4.500000e-04   1.255500e+05
  4.600000e-04   1.267600e+05
  4.700000e-04   1.279300e+05
  4.800000e-04   1.290500e+05
  4.900000e-04   1.301400e+05
  5.000000e-04   1.311800e+05
  5.100000e-04   1.321700e+05
  5.200000e-04   1.331300e+05
  5.300000e-04   1.340400e+05
  5.400000e-04   1.349100e+05
  5.500000e-04   1.357400e+05
  5.600000e-04   1.365200e+05
  5.700000e-04   1.372700e+05
  5.800000e-04   1.379800e+05
  5.900000e-04   1.386500e+05
  6.000000e-04   1.392800e+05
  6.100000e-04   1.398700e+05
  6.200000e-04   1.404300e+05
  6.300000e-04   1.409500e+05
  6.400000e-04   1.414300e+05
  6.500000e-04   1.418700e+05
  6.600000e-04   1.422800e+05
  6.700000e-04   1.426500e+05
  6.800000e-04   1.429900e+05
  6.900000e-04   1.432900e+05
  7.000000e-04   1.435600e+05
  7.100000e-04   1.437900e+05
  7.200000e-04   1.440000e+05
  7.300000e-04   1.441700e+05
  7.400000e-04   1.443000e+05
  7.500000e-04   1.444100e+05
  7.600000e-04   1.444800e+05
  7.700000e-04   1.445300e+05
  7.800000e-04   1.445400e+05
  7.900000e-04   1.445200e+05
  8.000000e-04   1.444800e+05
  8.100000e-04   1.444000e+05
  8.200000e-04   1.443000e+05
  8.300000e-04   1.441700e+05
  8.400000e-04   1.440100e+05
  8.500000e-04   1.438200e+05
  8.600000e-04   1.436100e+05
  8.700000e-04   1.433700e+05
  8.800000e-04   1.431100e+05
  8.900000e-04   1.428200e+05
  9.000000e-04   1.425000e+05
  9.100000e-04   1.421600e+05
  9.200000e-04   1.418000e+05
  9.300000e-04   1.414100e+05
  9.400000e-04   1.410000e+05
  9.500000e-04   1.405600e+05
  9.600000e-04   1.401100e+05
  9.700000e-04   1.396300e+05
  9.800000e-04   1.391300e+05
  9.900000e-04   1.386100e+05
  1.000000e-03   1.380700e+05
  1.100000e-03   1.315900e+05
  1.200000e-03   1.234700e+05
  1.300000e-03   1.140500e+05
  1.400000e-03   1.036700e+05
  1.500000e-03   9.265200e+04
  1.600000e-03   8.126800e+04
  1.700000e-03   6.978600e+04
  1.800000e-03   5.845000e+04
  1.900000e-03   4.748800e+04
  2.000000e-03   3.711400e+04
  2.100000e-03   2.753700e+04
  2.200000e-03   1.897000e+04
  2.300000e-03   1.165900e+04
  2.400000e-03   5.940000e+03
  2.500000e-03   2.258400e+03
  2.600000e-03   6.220200e+02
  2.700000e-03   1.394400e+02
  2.800000e-03   3.033500e+01
  2.900000e-03   7.824500e+00
  3.000000e-03   2.841500e+00
  3.100000e-03   1.478400e+00
  3.200000e-03   9.812400e-01
  3.300000e-03   7.442000e-01
  3.400000e-03   6.067500e-01
  3.500000e-03   5.162500e-01
  3.600000e-03   4.516000e-01
  3.700000e-03   4.028000e-01
  3.800000e-03   3.645000e-01
  3.900000e-03   3.335300e-01
  4.000000e-03   3.078800e-01
  4.100000e-03   2.862400e-01
  4.200000e-03   2.676800e-01
  4.300000e-03   2.515400e-01
  4.400000e-03   2.373600e-01
  4.500000e-03   2.247700e-01
  4.600000e-03   2.134900e-01
  4.700000e-03   2.033000e-01
  4.800000e-03   1.940500e-01
  4.900000e-03   1.855900e-01
  5.000000e-03   1.778100e-01
  5.100000e-03   1.706200e-01
  5.200000e-03   1.639600e-01
  5.300000e-03   1.577500e-01
  5.400000e-03   1.519500e-01
  5.500000e-03   1.465100e-01
  5.600000e-03   1.413900e-01
  5.700000e-03   1.365700e-01
  5.800000e-03   1.320100e-01
  5.900000e-03   1.276800e-01
  6.000000e-03   1.235800e-01
  6.100000e-03   1.196800e-01
  6.200000e-03   1.159600e-01
  6.300000e-03   1.124100e-01
  6.400000e-03   1.090200e-01
  6.500000e-03   1.057700e-01
  6.600000e-03   1.026700e-01
  6.700000e-03   9.968300e-02
  6.800000e-03   9.681800e-02
  6.900000e-03   9.406500e-02
  7.000000e-03   9.141600e-02
  7.100000e-03   8.886500e-02
  7.200000e-03   8.640700e-02
  7.300000e-03   8.403600e-02
  7.400000e-03   8.174700e-02
  7.500000e-03   7.953800e-02
  7.600000e-03   7.740300e-02
  7.700000e-03   7.533800e-02
  7.800000e-03   7.334200e-02
  7.900000e-03   7.140900e-02
  8.000000e-03   6.953800e-02
  8.100000e-03   6.772500e-02
  8.200000e-03   6.596900e-02
  8.300000e-03   6.426600e-02
  8.400000e-03   6.261500e-02
  8.500000e-03   6.101200e-02
  8.600000e-03   5.945800e-02
  8.700000e-03   5.794800e-02
  8.800000e-03   5.648300e-02
  8.900000e-03   5.506000e-02
  9.000000e-03   5.367700e-02
  9.100000e-03   5.233300e-02
  9.200000e-03   5.102800e-02
  9.300000e-03   4.975800e-02
  9.400000e-03   4.852400e-02
  9.500000e-03   4.732400e-02
  9.600000e-03   4.615700e-02
  9.700000e-03   4.502200e-02
  9.800000e-03   4.391700e-02
  9.900000e-03   4.284200e-02
  1.000000e-02   4.179600e-02
  1.100000e-02   3.273400e-02
  1.200000e-02   2.574800e-02
  1.300000e-02   2.032600e-02
  1.400000e-02   1.610100e-02
  1.500000e-02   1.279600e-02
  1.600000e-02   1.020400e-02
  1.700000e-02   8.166200e-03
  1.800000e-02   6.559000e-03
  1.900000e-02   5.288000e-03
  2.000000e-02   4.280100e-03
  2.100000e-02   3.478300e-03
  2.200000e-02   2.838200e-03
  2.300000e-02   2.325500e-03
  2.400000e-02   1.913200e-03
  2.500000e-02   1.580500e-03
  2.600000e-02   1.310800e-03
  2.700000e-02   1.091400e-03
  2.800000e-02   9.123300e-04
  2.900000e-02   7.654500e-04
  3.000000e-02   6.445900e-04
  3.100000e-02   5.447500e-04
  3.200000e-02   4.619700e-04
  3.300000e-02   3.930900e-04
  3.400000e-02   3.355600e-04
  3.500000e-02   2.873500e-04
  3.600000e-02   2.468200e-04
  3.700000e-02   2.126200e-04
  3.800000e-02   1.836800e-04
  3.900000e-02   1.591000e-04
  4.000000e-02   1.381800e-04
  4.100000e-02   1.203100e-04
  4.200000e-02   1.050100e-04
  4.300000e-02   9.186900e-05
  4.400000e-02   8.055600e-05
  4.500000e-02   7.079100e-05
  4.600000e-02   6.234200e-05
  4.700000e-02   5.501400e-05
  4.800000e-02   4.864200e-05
  4.900000e-02   4.309100e-05
  5.000000e-02   3.824400e-05
  5.100000e-02   3.400300e-05
  5.200000e-02   3.028400e-05
  5.300000e-02   2.701700e-05
  5.400000e-02   2.414200e-05
  5.500000e-02   2.160600e-05
  5.600000e-02   1.936600e-05
  5.700000e-02   1.738400e-05
  5.800000e-02   1.562700e-05
  5.900000e-02   1.406800e-05
  6.000000e-02   1.268100e-05
  6.100000e-02   1.144500e-05
  6.200000e-02   1.034300e-05
  6.300000e-02   9.359300e-06
  6.400000e-02   8.479000e-06
  6.500000e-02   7.690500e-06
  6.600000e-02   6.983300e-06
  6.700000e-02   6.348100e-06
  6.800000e-02   5.777000e-06
  6.900000e-02   5.262900e-06
  7.000000e-02   4.799400e-06
  7.100000e-02   4.381100e-06
  7.200000e-02   4.003200e-06
  7.300000e-02   3.661400e-06
  7.400000e-02   3.351900e-06
  7.500000e-02   3.071300e-06
  7.600000e-02   2.816800e-06
  7.700000e-02   2.585500e-06
  7.800000e-02   2.375300e-06
  7.900000e-02   2.183900e-06
  8.000000e-02   2.009600e-06
  8.100000e-02   1.850700e-06
  8.200000e-02   1.705600e-06
  8.300000e-02   1.573100e-06
  8.400000e-02   1.452000e-06
  8.500000e-02   1.341100e-06
  8.600000e-02   1.239600e-06
  8.700000e-02   1.146600e-06
  8.800000e-02   1.061200e-06
  8.900000e-02   9.829000e-07
  9.000000e-02   9.109400e-07
  9.100000e-02   8.447900e-07
  9.200000e-02   7.839400e-07
  9.300000e-02   7.279200e-07
  9.400000e-02   6.763000e-07
  9.500000e-02   6.287200e-07
  9.600000e-02   5.848300e-07
  9.700000e-02   5.443000e-07
  9.800000e-02   5.068700e-07
  9.900000e-02   4.722800e-07
  1.000000e-01   4.402800e-07
  1.100000e-01   2.244500e-07
  1.200000e-01   1.196700e-07
  1.300000e-01   6.629100e-08
  1.400000e-01   3.796500e-08
  1.500000e-01   2.238500e-08
  1.600000e-01   1.354200e-08
  1.700000e-01   8.382800e-09
  1.800000e-01   5.296900e-09
  1.900000e-01   3.409800e-09
  2.000000e-01   2.232400e-09
  2.100000e-01   1.484400e-09
  2.200000e-01   1.001000e-09
  2.300000e-01   6.839000e-10
  2.400000e-01   4.728900e-10
  2.500000e-01   3.306500e-10
  2.600000e-01   2.336100e-10
  2.700000e-01   1.666700e-10
  2.800000e-01   1.199900e-10
  2.900000e-01   8.713100e-11
  3.000000e-01   6.377600e-11
  3.100000e-01   4.703200e-11
  3.200000e-01   3.492900e-11
  3.300000e-01   2.611500e-11
  3.400000e-01   1.965100e-11
  3.500000e-01   1.487600e-11
  3.600000e-01   1.132800e-11
  3.700000e-01   8.674100e-12
  3.800000e-01   6.677200e-12
  3.900000e-01   5.166000e-12
  4.000000e-01   4.016000e-12
  4.100000e-01   3.136100e-12
  4.200000e-01   2.459500e-12
  4.300000e-01   1.936700e-12
  4.400000e-01   1.531000e-12
  4.500000e-01   1.214800e-12
  4.600000e-01   9.673400e-13
  4.700000e-01   7.729500e-13
  4.800000e-01   6.196900e-13
  4.900000e-01   4.984300e-13
  5.000000e-01   4.021700e-13
  5.100000e-01   3.255100e-13
  5.200000e-01   2.642600e-13
  5.300000e-01   2.151600e-13
  5.400000e-01   1.757000e-13
  5.500000e-01   1.438700e-13
  5.600000e-01   1.181300e-13
  5.700000e-01   9.725900e-14
  5.800000e-01   8.027900e-14
  5.900000e-01   6.642900e-14
  6.000000e-01   5.509900e-14
  6.100000e-01   4.580800e-14
  6.200000e-01   3.816800e-14
  6.300000e-01   3.187100e-14
  6.400000e-01   2.666700e-14
  6.500000e-01   2.235600e-14
  6.600000e-01   1.877600e-14
  6.700000e-01   1.579800e-14
  6.800000e-01   1.331400e-14
  6.900000e-01   1.123900e-14
  7.000000e-01   9.501300e-15
  7.100000e-01   8.043500e-15
  7.200000e-01   6.818100e-15
  7.300000e-01   5.786100e-15
  7.400000e-01   4.915700e-15
  7.500000e-01   4.180300e-15
  7.600000e-01   3.558000e-15
  7.700000e-01   3.030400e-15
  7.800000e-01   2.582700e-15
  7.900000e-01   2.202200e-15
  8.000000e-01   1.878100e-15
  8.100000e-01   1.602000e-15
  8.200000e-01   1.366400e-15
  8.300000e-01   1.165100e-15
  8.400000e-01   9.929700e-16
  8.500000e-01   8.455800e-16
  8.600000e-01   7.192900e-16
  8.700000e-01   6.109800e-16
  8.800000e-01   5.180300e-16
  8.900000e-01   4.382200e-16
  9.000000e-01   3.696600e-16
  9.100000e-01   3.107600e-16
  9.200000e-01   2.601400e-16
  9.300000e-01   2.166600e-16
  9.400000e-01   1.793200e-16
  9.500000e-01   1.473000e-16
  9.600000e-01   1.198600e-16
  9.700000e-01   9.641700e-17
  9.800000e-01   7.643200e-17
  9.900000e-01   5.947000e-17
  1.000000e+00   4.515400e-17
