# E [eV] - Phi [eV^-1 cm^-2 s^-1]
  5.100000e-06   3.439600e-05
  5.200000e-06   3.572400e-05
  5.300000e-06   3.707500e-05
  5.400000e-06   3.844900e-05
  5.500000e-06   3.984700e-05
  5.600000e-06   4.126900e-05
  5.700000e-06   4.271400e-05
  5.800000e-06   4.418200e-05
  5.900000e-06   4.567300e-05
  6.000000e-06   4.718800e-05
  6.100000e-06   4.872600e-05
  6.200000e-06   5.028600e-05
  6.300000e-06   5.187000e-05
  6.400000e-06   5.347600e-05
  6.500000e-06   5.510500e-05
  6.600000e-06   5.675700e-05
  6.700000e-06   5.843100e-05
  6.800000e-06   6.012800e-05
  6.900000e-06   6.184700e-05
  7.000000e-06   6.358900e-05
  7.100000e-06   6.535300e-05
  7.200000e-06   6.713900e-05
  7.300000e-06   6.894700e-05
  7.400000e-06   7.077700e-05
  7.500000e-06   7.262900e-05
  7.600000e-06   7.450200e-05
  7.700000e-06   7.639800e-05
  7.800000e-06   7.831500e-05
  7.900000e-06   8.025400e-05
  8.000000e-06   8.221400e-05
  8.100000e-06   8.419600e-05
  8.200000e-06   8.619900e-05
  8.300000e-06   8.822300e-05
  8.400000e-06   9.026800e-05
  8.500000e-06   9.233500e-05
  8.600000e-06   9.442200e-05
  8.700000e-06   9.653000e-05
  8.800000e-06   9.865900e-05
  8.900000e-06   1.008100e-04
  9.000000e-06   1.029800e-04
  9.100000e-06   1.051700e-04
  9.200000e-06   1.073800e-04
  9.300000e-06   1.096100e-04
  9.400000e-06   1.118700e-04
  9.500000e-06   1.141400e-04
  9.600000e-06   1.164300e-04
  9.700000e-06   1.187400e-04
  9.800000e-06   1.210800e-04
  9.900000e-06   1.234300e-04
  1.000000e-05   1.258000e-04
  1.100000e-05   1.505900e-04
  1.200000e-05   1.772600e-04
  1.300000e-05   2.057300e-04
  1.400000e-05   2.358900e-04
  1.500000e-05   2.676700e-04
  1.600000e-05   3.009500e-04
  1.700000e-05   3.356500e-04
  1.800000e-05   3.716600e-04
  1.900000e-05   4.088900e-04
  2.000000e-05   4.472200e-04
  2.100000e-05   4.865500e-04
  2.200000e-05   5.267700e-04
  2.300000e-05   5.677700e-04
  2.400000e-05   6.094300e-04
  2.500000e-05   6.516200e-04
  2.600000e-05   6.942200e-04
  2.700000e-05   7.371000e-04
  2.800000e-05   7.801200e-04
  2.900000e-05   8.231500e-04
  3.000000e-05   8.660400e-04
  3.100000e-05   9.086300e-04
  3.200000e-05   9.507500e-04
  3.300000e-05   9.922600e-04
  3.400000e-05   1.032900e-03
  3.500000e-05   1.072600e-03
  3.600000e-05   1.111100e-03
  3.700000e-05   1.148200e-03
  3.800000e-05   1.183600e-03
  3.900000e-05   1.217100e-03
  4.000000e-05   1.248500e-03
  4.100000e-05   1.277300e-03
  4.200000e-05   1.303300e-03
  4.300000e-05   1.326200e-03
  4.400000e-05   1.345500e-03
  4.500000e-05   1.360800e-03
  4.600000e-05   1.371600e-03
  4.700000e-05   1.377300e-03
  4.800000e-05   1.377300e-03
  4.900000e-05   1.370900e-03
  5.000000e-05   1.357200e-03
  5.100000e-05   1.335000e-03
  5.200000e-05   1.303100e-03
  5.300000e-05   1.260000e-03
  5.400000e-05   1.204000e-03
  5.500000e-05   1.133400e-03
  5.600000e-05   1.046900e-03
  5.700000e-05   9.441700e-04
  5.800000e-05   8.275300e-04
  5.900000e-05   7.030500e-04
  6.000000e-05   5.801100e-04
  6.100000e-05   4.680100e-04
  6.200000e-05   3.726300e-04
  6.300000e-05   2.956700e-04
  6.400000e-05   2.359000e-04
  6.500000e-05   1.906700e-04
  6.600000e-05   1.569700e-04
  6.700000e-05   1.320700e-04
  6.800000e-05   1.136800e-04
  6.900000e-05   1.000500e-04
  7.000000e-05   8.987000e-05
  7.100000e-05   8.218200e-05
  7.200000e-05   7.630100e-05
  7.300000e-05   7.173900e-05
  7.400000e-05   6.814300e-05
  7.500000e-05   6.526300e-05
  7.600000e-05   6.292200e-05
  7.700000e-05   6.099100e-05
  7.800000e-05   5.937700e-05
  7.900000e-05   5.801300e-05
  8.000000e-05   5.685100e-05
  8.100000e-05   5.585200e-05
  8.200000e-05   5.499000e-05
  8.300000e-05   5.424100e-05
  8.400000e-05   5.358800e-05
  8.500000e-05   5.301900e-05
  8.600000e-05   5.252200e-05
  8.700000e-05   5.208700e-05
  8.800000e-05   5.170800e-05
  8.900000e-05   5.137800e-05
  9.000000e-05   5.109100e-05
  9.100000e-05   5.084400e-05
  9.200000e-05   5.063100e-05
  9.300000e-05   5.045000e-05
  9.400000e-05   5.029800e-05
  9.500000e-05   5.017300e-05
  9.600000e-05   5.007100e-05
  9.700000e-05   4.999100e-05
  9.800000e-05   4.993200e-05
  9.900000e-05   4.989100e-05
  1.000000e-04   4.986700e-05
  1.100000e-04   5.034700e-05
  1.200000e-04   5.168300e-05
  1.300000e-04   5.351900e-05
  1.400000e-04   5.568000e-05
  1.500000e-04   5.806600e-05
  1.600000e-04   6.061700e-05
  1.700000e-04   6.329400e-05
  1.800000e-04   6.607000e-05
  1.900000e-04   6.892500e-05
  2.000000e-04   7.184600e-05
  2.100000e-04   7.482200e-05
  2.200000e-04   7.784500e-05
  2.300000e-04   8.090600e-05
  2.400000e-04   8.400200e-05
  2.500000e-04   8.712700e-05
  2.600000e-04   9.027700e-05
  2.700000e-04   9.345000e-05
  2.800000e-04   9.664200e-05
  2.900000e-04   9.985100e-05
  3.000000e-04   1.030800e-04
  3.100000e-04   1.063100e-04
  3.200000e-04   1.095600e-04
  3.300000e-04   1.128200e-04
  3.400000e-04   1.160900e-04
  3.500000e-04   1.193600e-04
  3.600000e-04   1.226400e-04
  3.700000e-04   1.259300e-04
  3.800000e-04   1.292300e-04
  3.900000e-04   1.325200e-04
  4.000000e-04   1.358200e-04
  4.100000e-04   1.391300e-04
  4.200000e-04   1.424400e-04
  4.300000e-04   1.457400e-04
  4.400000e-04   1.490600e-04
  4.500000e-04   1.523700e-04
  4.600000e-04   1.556800e-04
  4.700000e-04   1.589900e-04
  4.800000e-04   1.623100e-04
  4.900000e-04   1.656200e-04
  5.000000e-04   1.689400e-04
  5.100000e-04   1.722500e-04
  5.200000e-04   1.755700e-04
  5.300000e-04   1.788800e-04
  5.400000e-04   1.822000e-04
  5.500000e-04   1.855100e-04
  5.600000e-04   1.888200e-04
  5.700000e-04   1.921300e-04
  5.800000e-04   1.954400e-04
  5.900000e-04   1.987500e-04
  6.000000e-04   2.020500e-04
  6.100000e-04   2.053600e-04
  6.200000e-04   2.086600e-04
  6.300000e-04   2.119700e-04
  6.400000e-04   2.152700e-04
  6.500000e-04   2.185700e-04
  6.600000e-04   2.218600e-04
  6.700000e-04   2.251600e-04
  6.800000e-04   2.284500e-04
  6.900000e-04   2.317500e-04
  7.000000e-04   2.350400e-04
  7.100000e-04   2.383300e-04
  7.200000e-04   2.416100e-04
  7.300000e-04   2.449000e-04
  7.400000e-04   2.481800e-04
  7.500000e-04   2.514600e-04
  7.600000e-04   2.547400e-04
  7.700000e-04   2.580200e-04
  7.800000e-04   2.613000e-04
  7.900000e-04   2.645700e-04
  8.000000e-04   2.678400e-04
  8.100000e-04   2.711100e-04
  8.200000e-04   2.743800e-04
  8.300000e-04   2.776500e-04
  8.400000e-04   2.809100e-04
  8.500000e-04   2.841700e-04
  8.600000e-04   2.874300e-04
  8.700000e-04   2.906900e-04
  8.800000e-04   2.939500e-04
  8.900000e-04   2.972000e-04
  9.000000e-04   3.004500e-04
  9.100000e-04   3.037000e-04
  9.200000e-04   3.069500e-04
  9.300000e-04   3.102000e-04
  9.400000e-04   3.134400e-04
  9.500000e-04   3.166900e-04
  9.600000e-04   3.199300e-04
  9.700000e-04   3.231700e-04
  9.800000e-04   3.264000e-04
  9.900000e-04   3.296400e-04
  1.000000e-03   3.328700e-04
  1.100000e-03   3.650900e-04
  1.200000e-03   3.971100e-04
  1.300000e-03   4.289400e-04
  1.400000e-03   4.605800e-04
  1.500000e-03   4.920200e-04
  1.600000e-03   5.232800e-04
  1.700000e-03   5.543400e-04
  1.800000e-03   5.852200e-04
  1.900000e-03   6.159100e-04
  2.000000e-03   6.464200e-04
  2.100000e-03   6.767400e-04
  2.200000e-03   7.068800e-04
  2.300000e-03   7.368400e-04
  2.400000e-03   7.666100e-04
  2.500000e-03   7.962000e-04
  2.600000e-03   8.256200e-04
  2.700000e-03   8.548500e-04
  2.800000e-03   8.839100e-04
  2.900000e-03   9.127900e-04
  3.000000e-03   9.414900e-04
  3.100000e-03   9.700200e-04
  3.200000e-03   9.983700e-04
  3.300000e-03   1.026500e-03
  3.400000e-03   1.054600e-03
  3.500000e-03   1.082400e-03
  3.600000e-03   1.110000e-03
  3.700000e-03   1.137500e-03
  3.800000e-03   1.164900e-03
  3.900000e-03   1.192000e-03
  4.000000e-03   1.219000e-03
  4.100000e-03   1.245800e-03
  4.200000e-03   1.272500e-03
  4.300000e-03   1.298900e-03
  4.400000e-03   1.325300e-03
  4.500000e-03   1.351400e-03
  4.600000e-03   1.377400e-03
  4.700000e-03   1.403200e-03
  4.800000e-03   1.428900e-03
  4.900000e-03   1.454400e-03
  5.000000e-03   1.479700e-03
  5.100000e-03   1.504900e-03
  5.200000e-03   1.529900e-03
  5.300000e-03   1.554800e-03
  5.400000e-03   1.579500e-03
  5.500000e-03   1.604000e-03
  5.600000e-03   1.628400e-03
  5.700000e-03   1.652600e-03
  5.800000e-03   1.676700e-03
  5.900000e-03   1.700600e-03
  6.000000e-03   1.724400e-03
  6.100000e-03   1.748000e-03
  6.200000e-03   1.771500e-03
  6.300000e-03   1.794800e-03
  6.400000e-03   1.818000e-03
  6.500000e-03   1.841000e-03
  6.600000e-03   1.863800e-03
  6.700000e-03   1.886500e-03
  6.800000e-03   1.909100e-03
  6.900000e-03   1.931500e-03
  7.000000e-03   1.953800e-03
  7.100000e-03   1.975900e-03
  7.200000e-03   1.997900e-03
  7.300000e-03   2.019700e-03
  7.400000e-03   2.041400e-03
  7.500000e-03   2.062900e-03
  7.600000e-03   2.084300e-03
  7.700000e-03   2.105500e-03
  7.800000e-03   2.126600e-03
  7.900000e-03   2.147600e-03
  8.000000e-03   2.168400e-03
  8.100000e-03   2.189100e-03
  8.200000e-03   2.209700e-03
  8.300000e-03   2.230100e-03
  8.400000e-03   2.250300e-03
  8.500000e-03   2.270500e-03
  8.600000e-03   2.290400e-03
  8.700000e-03   2.310300e-03
  8.800000e-03   2.330000e-03
  8.900000e-03   2.349600e-03
  9.000000e-03   2.369000e-03
  9.100000e-03   2.388300e-03
  9.200000e-03   2.407500e-03
  9.300000e-03   2.426600e-03
  9.400000e-03   2.445500e-03
  9.500000e-03   2.464200e-03
  9.600000e-03   2.482900e-03
  9.700000e-03   2.501400e-03
  9.800000e-03   2.519800e-03
  9.900000e-03   2.538000e-03
  1.000000e-02   2.556200e-03
  1.100000e-02   2.730400e-03
  1.200000e-02   2.892200e-03
  1.300000e-02   3.042200e-03
  1.400000e-02   3.180800e-03
  1.500000e-02   3.308600e-03
  1.600000e-02   3.425900e-03
  1.700000e-02   3.533300e-03
  1.800000e-02   3.631100e-03
  1.900000e-02   3.719800e-03
  2.000000e-02   3.799800e-03
  2.100000e-02   3.871400e-03
  2.200000e-02   3.935100e-03
  2.300000e-02   3.991200e-03
  2.400000e-02   4.040000e-03
  2.500000e-02   4.081900e-03
  2.600000e-02   4.117200e-03
  2.700000e-02   4.146200e-03
  2.800000e-02   4.169200e-03
  2.900000e-02   4.186600e-03
  3.000000e-02   4.198500e-03
  3.100000e-02   4.205300e-03
  3.200000e-02   4.207300e-03
  3.300000e-02   4.204600e-03
  3.400000e-02   4.197600e-03
  3.500000e-02   4.186500e-03
  3.600000e-02   4.171500e-03
  3.700000e-02   4.152800e-03
  3.800000e-02   4.130600e-03
  3.900000e-02   4.105200e-03
  4.000000e-02   4.076800e-03
  4.100000e-02   4.045500e-03
  4.200000e-02   4.011500e-03
  4.300000e-02   3.975000e-03
  4.400000e-02   3.936200e-03
  4.500000e-02   3.895300e-03
  4.600000e-02   3.852300e-03
  4.700000e-02   3.807500e-03
  4.800000e-02   3.761000e-03
  4.900000e-02   3.713000e-03
  5.000000e-02   3.663500e-03
  5.100000e-02   3.612700e-03
  5.200000e-02   3.560700e-03
  5.300000e-02   3.507700e-03
  5.400000e-02   3.453700e-03
  5.500000e-02   3.398900e-03
  5.600000e-02   3.343400e-03
  5.700000e-02   3.287300e-03
  5.800000e-02   3.230600e-03
  5.900000e-02   3.173500e-03
  6.000000e-02   3.116000e-03
  6.100000e-02   3.058300e-03
  6.200000e-02   3.000300e-03
  6.300000e-02   2.942300e-03
  6.400000e-02   2.884200e-03
  6.500000e-02   2.826100e-03
  6.600000e-02   2.768100e-03
  6.700000e-02   2.710200e-03
  6.800000e-02   2.652600e-03
  6.900000e-02   2.595200e-03
  7.000000e-02   2.538100e-03
  7.100000e-02   2.481400e-03
  7.200000e-02   2.425100e-03
  7.300000e-02   2.369200e-03
  7.400000e-02   2.313800e-03
  7.500000e-02   2.258900e-03
  7.600000e-02   2.204600e-03
  7.700000e-02   2.150800e-03
  7.800000e-02   2.097700e-03
  7.900000e-02   2.045200e-03
  8.000000e-02   1.993400e-03
  8.100000e-02   1.942200e-03
  8.200000e-02   1.891800e-03
  8.300000e-02   1.842100e-03
  8.400000e-02   1.793200e-03
  8.500000e-02   1.745000e-03
  8.600000e-02   1.697500e-03
  8.700000e-02   1.650900e-03
  8.800000e-02   1.605100e-03
  8.900000e-02   1.560100e-03
  9.000000e-02   1.515900e-03
  9.100000e-02   1.472500e-03
  9.200000e-02   1.429900e-03
  9.300000e-02   1.388200e-03
  9.400000e-02   1.347200e-03
  9.500000e-02   1.307200e-03
  9.600000e-02   1.267900e-03
  9.700000e-02   1.229500e-03
  9.800000e-02   1.191900e-03
  9.900000e-02   1.155200e-03
  1.000000e-01   1.119200e-03
  1.100000e-01   8.038600e-04
  1.200000e-01   5.623400e-04
  1.300000e-01   3.835000e-04
  1.400000e-01   2.551300e-04
  1.500000e-01   1.656400e-04
  1.600000e-01   1.050000e-04
  1.700000e-01   6.498900e-05
  1.800000e-01   3.928800e-05
  1.900000e-01   2.319900e-05
  2.000000e-01   1.338200e-05
  2.100000e-01   7.540600e-06
  2.200000e-01   4.151000e-06
  2.300000e-01   2.232400e-06
  2.400000e-01   1.172800e-06
  2.500000e-01   6.019600e-07
  2.600000e-01   3.018200e-07
  2.700000e-01   1.478300e-07
  2.800000e-01   7.072600e-08
  2.900000e-01   3.305300e-08
  3.000000e-01   1.508900e-08
  3.100000e-01   6.727600e-09
  3.200000e-01   2.929900e-09
  3.300000e-01   1.246400e-09
  3.400000e-01   5.177500e-10
  3.500000e-01   2.100400e-10
  3.600000e-01   8.321000e-11
  3.700000e-01   3.219200e-11
  3.800000e-01   1.216200e-11
  3.900000e-01   4.486500e-12
  4.000000e-01   1.616100e-12
  4.100000e-01   5.684100e-13
  4.200000e-01   1.952000e-13
  4.300000e-01   6.545200e-14
  4.400000e-01   2.142700e-14
  4.500000e-01   6.848400e-15
  4.600000e-01   2.137000e-15
  4.700000e-01   6.510000e-16
  4.800000e-01   1.936100e-16
  4.900000e-01   5.621200e-17
  5.000000e-01   1.593200e-17
  5.100000e-01   4.408000e-18
  5.200000e-01   1.190500e-18
  5.300000e-01   3.138900e-19
  5.400000e-01   8.078000e-20
  5.500000e-01   2.029300e-20
  5.600000e-01   4.976000e-21
  5.700000e-01   1.191000e-21
  5.800000e-01   2.782400e-22
  5.900000e-01   6.344700e-23
  6.000000e-01   1.412100e-23
  6.100000e-01   3.067600e-24
  6.200000e-01   6.504200e-25
  6.300000e-01   1.346000e-25
  6.400000e-01   2.718600e-26
  6.500000e-01   5.359000e-27
  6.600000e-01   1.031000e-27
  6.700000e-01   1.935900e-28
  6.800000e-01   3.547700e-29
  6.900000e-01   6.344900e-30
  7.000000e-01   1.107500e-30
  7.100000e-01   1.886500e-31
  7.200000e-01   3.136100e-32
  7.300000e-01   5.088000e-33
  7.400000e-01   8.055900e-34
  7.500000e-01   1.244700e-34
  7.600000e-01   1.876900e-35
  7.700000e-01   2.762000e-36
  7.800000e-01   3.966300e-37
  7.900000e-01   5.558300e-38
  8.000000e-01   7.601300e-39
  8.100000e-01   1.014400e-39
  8.200000e-01   1.321100e-40
  8.300000e-01   1.679000e-41
  8.400000e-01   2.082200e-42
  8.500000e-01   2.519900e-43
  8.600000e-01   2.975800e-44
  8.700000e-01   3.429300e-45
  8.800000e-01   3.856400e-46
  8.900000e-01   4.231800e-47
  9.000000e-01   4.531300e-48
  9.100000e-01   4.734700e-49
  9.200000e-01   4.827500e-50
  9.300000e-01   4.803000e-51
  9.400000e-01   4.696000e-52
  9.500000e-01   4.417300e-53
  9.600000e-01   4.083300e-54
  9.700000e-01   3.683200e-55
  9.800000e-01   3.241700e-56
  9.900000e-01   2.784100e-57
