# E [eV] - Phi_min [eV^-1 cm^-2 s^-1] - Phi_max [eV^-1 cm^-2 s^-1]
  1.000000e+04   7.222574e+02   8.951168e+02
  1.100000e+04   8.716258e+02   1.080234e+03
  1.200000e+04   1.034565e+03   1.282170e+03
  1.300000e+04   1.210964e+03   1.500787e+03
  1.400000e+04   1.400707e+03   1.735942e+03
  1.500000e+04   1.603685e+03   1.987499e+03
  1.600000e+04   1.819784e+03   2.255316e+03
  1.700000e+04   2.048891e+03   2.539257e+03
  1.800000e+04   2.290895e+03   2.839180e+03
  1.900000e+04   2.545686e+03   3.154951e+03
  2.000000e+04   2.813151e+03   3.486428e+03
  2.100000e+04   3.093179e+03   3.833477e+03
  2.200000e+04   3.385660e+03   4.195957e+03
  2.300000e+04   3.690483e+03   4.573734e+03
  2.400000e+04   4.007537e+03   4.966669e+03
  2.500000e+04   4.336712e+03   5.374627e+03
  2.600000e+04   4.677899e+03   5.797470e+03
  2.700000e+04   5.030987e+03   6.235064e+03
  2.800000e+04   5.395867e+03   6.687271e+03
  2.900000e+04   5.772430e+03   7.153957e+03
  3.000000e+04   6.160565e+03   7.634986e+03
  3.100000e+04   6.560167e+03   8.130226e+03
  3.200000e+04   6.971124e+03   8.639538e+03
  3.300000e+04   7.393329e+03   9.162790e+03
  3.400000e+04   7.826673e+03   9.699847e+03
  3.500000e+04   8.271049e+03   1.025058e+04
  3.600000e+04   8.726348e+03   1.081484e+04
  3.700000e+04   9.192463e+03   1.139252e+04
  3.800000e+04   9.669288e+03   1.198346e+04
  3.900000e+04   1.015672e+04   1.258755e+04
  4.000000e+04   1.065464e+04   1.320463e+04
  4.100000e+04   1.116295e+04   1.383461e+04
  4.200000e+04   1.168154e+04   1.447731e+04
  4.300000e+04   1.221031e+04   1.513263e+04
  4.400000e+04   1.274915e+04   1.580043e+04
  4.500000e+04   1.329795e+04   1.648058e+04
  4.600000e+04   1.385661e+04   1.717294e+04
  4.700000e+04   1.442503e+04   1.787741e+04
  4.800000e+04   1.500309e+04   1.859382e+04
  4.900000e+04   1.559070e+04   1.932205e+04
  5.000000e+04   1.618775e+04   2.006200e+04
  5.100000e+04   1.679413e+04   2.081351e+04
  5.200000e+04   1.740974e+04   2.157644e+04
  5.300000e+04   1.803447e+04   2.235070e+04
  5.400000e+04   1.866823e+04   2.313614e+04
  5.500000e+04   1.931091e+04   2.393263e+04
  5.600000e+04   1.996240e+04   2.474005e+04
  5.700000e+04   2.062262e+04   2.555827e+04
  5.800000e+04   2.129143e+04   2.638716e+04
  5.900000e+04   2.196876e+04   2.722658e+04
  6.000000e+04   2.265448e+04   2.807643e+04
  6.100000e+04   2.334851e+04   2.893656e+04
  6.200000e+04   2.405074e+04   2.980685e+04
  6.300000e+04   2.476107e+04   3.068719e+04
  6.400000e+04   2.547939e+04   3.157743e+04
  6.500000e+04   2.620561e+04   3.247745e+04
  6.600000e+04   2.693963e+04   3.338715e+04
  6.700000e+04   2.768134e+04   3.430637e+04
  6.800000e+04   2.843064e+04   3.523501e+04
  6.900000e+04   2.918743e+04   3.617292e+04
  7.000000e+04   2.995162e+04   3.712000e+04
  7.100000e+04   3.072309e+04   3.807611e+04
  7.200000e+04   3.150176e+04   3.904114e+04
  7.300000e+04   3.228752e+04   4.001496e+04
  7.400000e+04   3.308027e+04   4.099744e+04
  7.500000e+04   3.387992e+04   4.198848e+04
  7.600000e+04   3.468636e+04   4.298792e+04
  7.700000e+04   3.549950e+04   4.399567e+04
  7.800000e+04   3.631923e+04   4.501159e+04
  7.900000e+04   3.714547e+04   4.603557e+04
  8.000000e+04   3.797810e+04   4.706748e+04
  8.100000e+04   3.881703e+04   4.810719e+04
  8.200000e+04   3.966217e+04   4.915460e+04
  8.300000e+04   4.051342e+04   5.020958e+04
  8.400000e+04   4.137068e+04   5.127201e+04
  8.500000e+04   4.223384e+04   5.234176e+04
  8.600000e+04   4.310283e+04   5.341872e+04
  8.700000e+04   4.397754e+04   5.450277e+04
  8.800000e+04   4.485786e+04   5.559379e+04
  8.900000e+04   4.574371e+04   5.669165e+04
  9.000000e+04   4.663500e+04   5.779625e+04
  9.100000e+04   4.753161e+04   5.890746e+04
  9.200000e+04   4.843347e+04   6.002515e+04
  9.300000e+04   4.934047e+04   6.114922e+04
  9.400000e+04   5.025251e+04   6.227955e+04
  9.500000e+04   5.116951e+04   6.341601e+04
  9.600000e+04   5.209137e+04   6.455850e+04
  9.700000e+04   5.301798e+04   6.570689e+04
  9.800000e+04   5.394927e+04   6.686106e+04
  9.900000e+04   5.488513e+04   6.802091e+04
  1.000000e+05   5.582548e+04   6.918630e+04
  1.010000e+05   5.677021e+04   7.035714e+04
  1.020000e+05   5.771923e+04   7.153330e+04
  1.030000e+05   5.867245e+04   7.271465e+04
  1.040000e+05   5.962977e+04   7.390109e+04
  1.050000e+05   6.059111e+04   7.509251e+04
  1.060000e+05   6.155638e+04   7.628879e+04
  1.070000e+05   6.252546e+04   7.748981e+04
  1.080000e+05   6.349828e+04   7.869546e+04
  1.090000e+05   6.447475e+04   7.990562e+04
  1.100000e+05   6.545477e+04   8.112019e+04
  1.110000e+05   6.643824e+04   8.233904e+04
  1.120000e+05   6.742508e+04   8.356206e+04
  1.130000e+05   6.841519e+04   8.478914e+04
  1.140000e+05   6.940850e+04   8.602018e+04
  1.150000e+05   7.040489e+04   8.725504e+04
  1.160000e+05   7.140428e+04   8.849362e+04
  1.170000e+05   7.240659e+04   8.973581e+04
  1.180000e+05   7.341172e+04   9.098150e+04
  1.190000e+05   7.441958e+04   9.223057e+04
  1.200000e+05   7.543008e+04   9.348292e+04
  1.210000e+05   7.644313e+04   9.473842e+04
  1.220000e+05   7.745864e+04   9.599698e+04
  1.230000e+05   7.847652e+04   9.725847e+04
  1.240000e+05   7.949668e+04   9.852279e+04
  1.250000e+05   8.051904e+04   9.978983e+04
  1.260000e+05   8.154350e+04   1.010595e+05
  1.270000e+05   8.256997e+04   1.023316e+05
  1.280000e+05   8.359837e+04   1.036061e+05
  1.290000e+05   8.462861e+04   1.048830e+05
  1.300000e+05   8.566059e+04   1.061619e+05
  1.310000e+05   8.669424e+04   1.074430e+05
  1.320000e+05   8.772946e+04   1.087259e+05
  1.330000e+05   8.876617e+04   1.100108e+05
  1.340000e+05   8.980427e+04   1.112973e+05
  1.350000e+05   9.084365e+04   1.125854e+05
  1.360000e+05   9.188437e+04   1.138752e+05
  1.370000e+05   9.292608e+04   1.151663e+05
  1.380000e+05   9.396897e+04   1.164588e+05
  1.390000e+05   9.501276e+04   1.177524e+05
  1.400000e+05   9.605736e+04   1.190470e+05
  1.410000e+05   9.710287e+04   1.203427e+05
  1.420000e+05   9.814901e+04   1.216392e+05
  1.430000e+05   9.919578e+04   1.229365e+05
  1.440000e+05   1.002431e+05   1.242345e+05
  1.450000e+05   1.012909e+05   1.255330e+05
  1.460000e+05   1.023390e+05   1.268320e+05
  1.470000e+05   1.033874e+05   1.281313e+05
  1.480000e+05   1.044359e+05   1.294307e+05
  1.490000e+05   1.054846e+05   1.307305e+05
  1.500000e+05   1.065333e+05   1.320301e+05
  1.510000e+05   1.075819e+05   1.333298e+05
  1.520000e+05   1.086304e+05   1.346292e+05
  1.530000e+05   1.096787e+05   1.359284e+05
  1.540000e+05   1.107267e+05   1.372271e+05
  1.550000e+05   1.117742e+05   1.385253e+05
  1.560000e+05   1.128212e+05   1.398230e+05
  1.570000e+05   1.138677e+05   1.411199e+05
  1.580000e+05   1.149136e+05   1.424161e+05
  1.590000e+05   1.159586e+05   1.437113e+05
  1.600000e+05   1.170030e+05   1.450055e+05
  1.610000e+05   1.180463e+05   1.462986e+05
  1.620000e+05   1.190887e+05   1.475905e+05
  1.630000e+05   1.201301e+05   1.488811e+05
  1.640000e+05   1.211702e+05   1.501701e+05
  1.650000e+05   1.222092e+05   1.514578e+05
  1.660000e+05   1.232468e+05   1.527438e+05
  1.670000e+05   1.242830e+05   1.540280e+05
  1.680000e+05   1.253178e+05   1.553104e+05
  1.690000e+05   1.263509e+05   1.565908e+05
  1.700000e+05   1.273826e+05   1.578693e+05
  1.710000e+05   1.284123e+05   1.591455e+05
  1.720000e+05   1.294404e+05   1.604197e+05
  1.730000e+05   1.304665e+05   1.616913e+05
  1.740000e+05   1.314907e+05   1.629607e+05
  1.750000e+05   1.325128e+05   1.642273e+05
  1.760000e+05   1.335328e+05   1.654915e+05
  1.770000e+05   1.345506e+05   1.667529e+05
  1.780000e+05   1.355660e+05   1.680113e+05
  1.790000e+05   1.365791e+05   1.692669e+05
  1.800000e+05   1.375898e+05   1.705194e+05
  1.810000e+05   1.385979e+05   1.717688e+05
  1.820000e+05   1.396034e+05   1.730150e+05
  1.830000e+05   1.406062e+05   1.742578e+05
  1.840000e+05   1.416062e+05   1.754971e+05
  1.850000e+05   1.426034e+05   1.767330e+05
  1.860000e+05   1.435976e+05   1.779652e+05
  1.870000e+05   1.445889e+05   1.791937e+05
  1.880000e+05   1.455771e+05   1.804183e+05
  1.890000e+05   1.465621e+05   1.816391e+05
  1.900000e+05   1.475438e+05   1.828557e+05
  1.910000e+05   1.485222e+05   1.840683e+05
  1.920000e+05   1.494971e+05   1.852765e+05
  1.930000e+05   1.504686e+05   1.864805e+05
  1.940000e+05   1.514365e+05   1.876801e+05
  1.950000e+05   1.524008e+05   1.888751e+05
  1.960000e+05   1.533613e+05   1.900656e+05
  1.970000e+05   1.543181e+05   1.912513e+05
  1.980000e+05   1.552709e+05   1.924322e+05
  1.990000e+05   1.562198e+05   1.936082e+05
  2.000000e+05   1.571647e+05   1.947792e+05
  2.010000e+05   1.581054e+05   1.959451e+05
  2.020000e+05   1.590420e+05   1.971058e+05
  2.030000e+05   1.599742e+05   1.982611e+05
  2.040000e+05   1.609021e+05   1.994112e+05
  2.050000e+05   1.618256e+05   2.005556e+05
  2.060000e+05   1.627446e+05   2.016946e+05
  2.070000e+05   1.636589e+05   2.028277e+05
  2.080000e+05   1.645686e+05   2.039552e+05
  2.090000e+05   1.654736e+05   2.050768e+05
  2.100000e+05   1.663738e+05   2.061924e+05
  2.110000e+05   1.672691e+05   2.073019e+05
  2.120000e+05   1.681593e+05   2.084052e+05
  2.130000e+05   1.690445e+05   2.095023e+05
  2.140000e+05   1.699246e+05   2.105930e+05
  2.150000e+05   1.707995e+05   2.116773e+05
  2.160000e+05   1.716690e+05   2.127549e+05
  2.170000e+05   1.725332e+05   2.138260e+05
  2.180000e+05   1.733920e+05   2.148903e+05
  2.190000e+05   1.742452e+05   2.159477e+05
  2.200000e+05   1.750929e+05   2.169983e+05
  2.210000e+05   1.759349e+05   2.180418e+05
  2.220000e+05   1.767712e+05   2.190782e+05
  2.230000e+05   1.776015e+05   2.201073e+05
  2.240000e+05   1.784260e+05   2.211291e+05
  2.250000e+05   1.792445e+05   2.221435e+05
  2.260000e+05   1.800569e+05   2.231503e+05
  2.270000e+05   1.808633e+05   2.241496e+05
  2.280000e+05   1.816634e+05   2.251412e+05
  2.290000e+05   1.824571e+05   2.261249e+05
  2.300000e+05   1.832445e+05   2.271008e+05
  2.310000e+05   1.840254e+05   2.280686e+05
  2.320000e+05   1.847999e+05   2.290284e+05
  2.330000e+05   1.855677e+05   2.299800e+05
  2.340000e+05   1.863288e+05   2.309232e+05
  2.350000e+05   1.870831e+05   2.318581e+05
  2.360000e+05   1.878307e+05   2.327846e+05
  2.370000e+05   1.885713e+05   2.337025e+05
  2.380000e+05   1.893049e+05   2.346116e+05
  2.390000e+05   1.900314e+05   2.355120e+05
  2.400000e+05   1.907508e+05   2.364036e+05
  2.410000e+05   1.914629e+05   2.372861e+05
  2.420000e+05   1.921677e+05   2.381596e+05
  2.430000e+05   1.928651e+05   2.390239e+05
  2.440000e+05   1.935551e+05   2.398790e+05
  2.450000e+05   1.942375e+05   2.407248e+05
  2.460000e+05   1.949122e+05   2.415610e+05
  2.470000e+05   1.955793e+05   2.423878e+05
  2.480000e+05   1.962386e+05   2.432048e+05
  2.490000e+05   1.968900e+05   2.440121e+05
  2.500000e+05   1.975335e+05   2.448096e+05
  2.510000e+05   1.981689e+05   2.455971e+05
  2.520000e+05   1.987963e+05   2.463746e+05
  2.530000e+05   1.994154e+05   2.471419e+05
  2.540000e+05   2.000264e+05   2.478991e+05
  2.550000e+05   2.006288e+05   2.486457e+05
  2.560000e+05   2.012230e+05   2.493821e+05
  2.570000e+05   2.018086e+05   2.501079e+05
  2.580000e+05   2.023856e+05   2.508230e+05
  2.590000e+05   2.029539e+05   2.515272e+05
  2.600000e+05   2.035135e+05   2.522208e+05
  2.610000e+05   2.040642e+05   2.529033e+05
  2.620000e+05   2.046061e+05   2.535749e+05
  2.630000e+05   2.051389e+05   2.542352e+05
  2.640000e+05   2.056626e+05   2.548843e+05
  2.650000e+05   2.061771e+05   2.555220e+05
  2.660000e+05   2.066825e+05   2.561482e+05
  2.670000e+05   2.071785e+05   2.567630e+05
  2.680000e+05   2.076651e+05   2.573660e+05
  2.690000e+05   2.081420e+05   2.579571e+05
  2.700000e+05   2.086095e+05   2.585365e+05
  2.710000e+05   2.090673e+05   2.591038e+05
  2.720000e+05   2.095153e+05   2.596590e+05
  2.730000e+05   2.099535e+05   2.602021e+05
  2.740000e+05   2.103817e+05   2.607327e+05
  2.750000e+05   2.107999e+05   2.612511e+05
  2.760000e+05   2.112080e+05   2.617569e+05
  2.770000e+05   2.116059e+05   2.622500e+05
  2.780000e+05   2.119935e+05   2.627304e+05
  2.790000e+05   2.123707e+05   2.631979e+05
  2.800000e+05   2.127375e+05   2.636524e+05
  2.810000e+05   2.130936e+05   2.640938e+05
  2.820000e+05   2.134392e+05   2.645220e+05
  2.830000e+05   2.137740e+05   2.649370e+05
  2.840000e+05   2.140980e+05   2.653385e+05
  2.850000e+05   2.144110e+05   2.657264e+05
  2.860000e+05   2.147130e+05   2.661007e+05
  2.870000e+05   2.150039e+05   2.664612e+05
  2.880000e+05   2.152836e+05   2.668079e+05
  2.890000e+05   2.155519e+05   2.671404e+05
  2.900000e+05   2.158089e+05   2.674589e+05
  2.910000e+05   2.160544e+05   2.677631e+05
  2.920000e+05   2.162883e+05   2.680530e+05
  2.930000e+05   2.165104e+05   2.683283e+05
  2.940000e+05   2.167208e+05   2.685890e+05
  2.950000e+05   2.169192e+05   2.688350e+05
  2.960000e+05   2.171058e+05   2.690661e+05
  2.970000e+05   2.172801e+05   2.692822e+05
  2.980000e+05   2.174422e+05   2.694830e+05
  2.990000e+05   2.175920e+05   2.696688e+05
  3.000000e+05   2.177294e+05   2.698391e+05
  3.010000e+05   2.178543e+05   2.699938e+05
  3.020000e+05   2.179664e+05   2.701328e+05
  3.030000e+05   2.180659e+05   2.702561e+05
  3.040000e+05   2.181526e+05   2.703635e+05
  3.050000e+05   2.182262e+05   2.704547e+05
  3.060000e+05   2.182868e+05   2.705298e+05
  3.070000e+05   2.183341e+05   2.705884e+05
  3.080000e+05   2.183681e+05   2.706306e+05
  3.090000e+05   2.183887e+05   2.706561e+05
  3.100000e+05   2.183958e+05   2.706649e+05
  3.110000e+05   2.183891e+05   2.706566e+05
  3.120000e+05   2.183687e+05   2.706313e+05
  3.130000e+05   2.183343e+05   2.705887e+05
  3.140000e+05   2.182858e+05   2.705286e+05
  3.150000e+05   2.182232e+05   2.704510e+05
  3.160000e+05   2.181462e+05   2.703556e+05
  3.170000e+05   2.180548e+05   2.702424e+05
  3.180000e+05   2.179489e+05   2.701111e+05
  3.190000e+05   2.178282e+05   2.699615e+05
  3.200000e+05   2.176927e+05   2.697935e+05
  3.210000e+05   2.175421e+05   2.696069e+05
  3.220000e+05   2.173764e+05   2.694016e+05
  3.230000e+05   2.171954e+05   2.691772e+05
  3.240000e+05   2.169990e+05   2.689339e+05
  3.250000e+05   2.167870e+05   2.686711e+05
  3.260000e+05   2.165593e+05   2.683888e+05
  3.270000e+05   2.163157e+05   2.680869e+05
  3.280000e+05   2.160559e+05   2.677650e+05
  3.290000e+05   2.157800e+05   2.674231e+05
  3.300000e+05   2.154877e+05   2.670608e+05
  3.310000e+05   2.151788e+05   2.666780e+05
  3.320000e+05   2.148531e+05   2.662744e+05
  3.330000e+05   2.145106e+05   2.658499e+05
  3.340000e+05   2.141509e+05   2.654041e+05
  3.350000e+05   2.137739e+05   2.649369e+05
  3.360000e+05   2.133796e+05   2.644482e+05
  3.370000e+05   2.129675e+05   2.639375e+05
  3.380000e+05   2.125376e+05   2.634046e+05
  3.390000e+05   2.120896e+05   2.628494e+05
  3.400000e+05   2.116233e+05   2.622716e+05
  3.410000e+05   2.111386e+05   2.616708e+05
  3.420000e+05   2.106352e+05   2.610469e+05
  3.430000e+05   2.101128e+05   2.603995e+05
  3.440000e+05   2.095712e+05   2.597283e+05
  3.450000e+05   2.090102e+05   2.590331e+05
  3.460000e+05   2.084297e+05   2.583136e+05
  3.470000e+05   2.078292e+05   2.575694e+05
  3.480000e+05   2.072086e+05   2.568002e+05
  3.490000e+05   2.065675e+05   2.560058e+05
  3.500000e+05   2.059058e+05   2.551857e+05
  3.510000e+05   2.052231e+05   2.543396e+05
  3.520000e+05   2.045192e+05   2.534672e+05
  3.530000e+05   2.037937e+05   2.525681e+05
  3.540000e+05   2.030464e+05   2.516419e+05
  3.550000e+05   2.022769e+05   2.506883e+05
  3.560000e+05   2.014849e+05   2.497067e+05
  3.570000e+05   2.006701e+05   2.486969e+05
  3.580000e+05   1.998321e+05   2.476583e+05
  3.590000e+05   1.989706e+05   2.465906e+05
  3.600000e+05   1.980850e+05   2.454931e+05
  3.610000e+05   1.971752e+05   2.443656e+05
  3.620000e+05   1.962408e+05   2.432075e+05
  3.630000e+05   1.952811e+05   2.420182e+05
  3.640000e+05   1.942959e+05   2.407972e+05
  3.650000e+05   1.932847e+05   2.395440e+05
  3.660000e+05   1.922471e+05   2.382580e+05
  3.670000e+05   1.911824e+05   2.369385e+05
  3.680000e+05   1.900903e+05   2.355851e+05
  3.690000e+05   1.889702e+05   2.341968e+05
  3.700000e+05   1.878216e+05   2.327733e+05
  3.710000e+05   1.866437e+05   2.313135e+05
  3.720000e+05   1.854361e+05   2.298169e+05
  3.730000e+05   1.841982e+05   2.282828e+05
  3.740000e+05   1.829293e+05   2.267101e+05
  3.750000e+05   1.816286e+05   2.250982e+05
  3.760000e+05   1.802955e+05   2.234461e+05
  3.770000e+05   1.789292e+05   2.217527e+05
  3.780000e+05   1.775288e+05   2.200172e+05
  3.790000e+05   1.760936e+05   2.182384e+05
  3.800000e+05   1.746225e+05   2.164153e+05
  3.810000e+05   1.731149e+05   2.145468e+05
  3.820000e+05   1.715695e+05   2.126316e+05
  3.830000e+05   1.699854e+05   2.106683e+05
  3.840000e+05   1.683613e+05   2.086556e+05
  3.850000e+05   1.666963e+05   2.065921e+05
  3.860000e+05   1.649889e+05   2.044760e+05
  3.870000e+05   1.632378e+05   2.023059e+05
  3.880000e+05   1.614417e+05   2.000798e+05
  3.890000e+05   1.595989e+05   1.977960e+05
  3.900000e+05   1.577077e+05   1.954523e+05
  3.910000e+05   1.557666e+05   1.930465e+05
  3.920000e+05   1.537735e+05   1.905764e+05
  3.930000e+05   1.517263e+05   1.880393e+05
  3.940000e+05   1.496229e+05   1.854325e+05
  3.950000e+05   1.474610e+05   1.827531e+05
  3.960000e+05   1.452378e+05   1.799978e+05
  3.970000e+05   1.429504e+05   1.771630e+05
  3.980000e+05   1.405958e+05   1.742449e+05
  3.990000e+05   1.381707e+05   1.712394e+05
  4.000000e+05   1.356711e+05   1.681416e+05
  4.010000e+05   1.330930e+05   1.649464e+05
  4.020000e+05   1.304317e+05   1.616482e+05
  4.030000e+05   1.276819e+05   1.582403e+05
  4.040000e+05   1.248380e+05   1.547158e+05
  4.050000e+05   1.218935e+05   1.510665e+05
  4.060000e+05   1.188405e+05   1.472829e+05
  4.070000e+05   1.156711e+05   1.433549e+05
  4.080000e+05   1.123750e+05   1.392700e+05
  4.090000e+05   1.089411e+05   1.350142e+05
  4.100000e+05   1.053557e+05   1.305707e+05
  4.110000e+05   1.016031e+05   1.259199e+05
  4.120000e+05   9.766390e+04   1.210380e+05
  4.130000e+05   9.351465e+04   1.158957e+05
  4.140000e+05   8.912626e+04   1.104570e+05
  4.150000e+05   8.446143e+04   1.046758e+05
  4.160000e+05   7.947165e+04   9.849176e+04
  4.170000e+05   7.409143e+04   9.182389e+04
  4.180000e+05   6.822863e+04   8.455793e+04
  4.190000e+05   6.174610e+04   7.652392e+04
  4.200000e+05   5.442304e+04   6.744823e+04
  4.210000e+05   4.585881e+04   5.683430e+04
  4.220000e+05   3.515813e+04   4.357260e+04
  4.230000e+05   1.900217e+04   2.355000e+04
