# E [eV] - Phi_min [eV^-1 cm^-2 s^-1] - Phi_max [eV^-1 cm^-2 s^-1]
  1.426000e+04   6.143431e-01   8.225950e-01
  2.062000e+04   1.768742e+00   2.368316e+00
  2.853000e+04   3.172334e+00   4.247701e+00
  4.123000e+04   6.430098e+00   8.609793e+00
  4.279000e+04   6.877266e+00   9.208543e+00
  5.706000e+04   1.205781e+01   1.614520e+01
  6.185000e+04   1.413018e+01   1.892007e+01
  7.132000e+04   1.850196e+01   2.477381e+01
  8.246000e+04   2.436133e+01   3.261941e+01
  8.559000e+04   2.609430e+01   3.493982e+01
  9.985000e+04   3.488110e+01   4.670520e+01
  1.030800e+05   3.705691e+01   4.961858e+01
  1.141100e+05   4.476727e+01   5.994261e+01
  1.236900e+05   5.198742e+01   6.961027e+01
  1.283800e+05   5.562924e+01   7.448661e+01
  1.426400e+05   6.739075e+01   9.023507e+01
  1.443100e+05   6.884329e+01   9.218000e+01
  1.569100e+05   8.009261e+01   1.072426e+02
  1.649200e+05   8.759289e+01   1.172854e+02
  1.711700e+05   9.356514e+01   1.252821e+02
  1.854400e+05   1.077398e+02   1.442618e+02
  1.855400e+05   1.078423e+02   1.443991e+02
  1.997000e+05   1.226309e+02   1.642007e+02
  2.061500e+05   1.295833e+02   1.735098e+02
  2.139600e+05   1.381232e+02   1.849446e+02
  2.267700e+05   1.524599e+02   2.041413e+02
  2.282300e+05   1.541186e+02   2.063622e+02
  2.424900e+05   1.706347e+02   2.284770e+02
  2.473900e+05   1.764241e+02   2.362289e+02
  2.567600e+05   1.876093e+02   2.512056e+02
  2.680000e+05   2.011951e+02   2.693969e+02
  2.710200e+05   2.048850e+02   2.743376e+02
  2.852900e+05   2.224821e+02   2.978998e+02
  2.886200e+05   2.266385e+02   3.034651e+02
  2.995500e+05   2.404013e+02   3.218932e+02
  3.092300e+05   2.526364e+02   3.382759e+02
  3.138100e+05   2.584633e+02   3.460780e+02
  3.280800e+05   2.766770e+02   3.704659e+02
  3.298500e+05   2.789374e+02   3.734925e+02
  3.423400e+05   2.949951e+02   3.949934e+02
  3.504600e+05   3.054290e+02   4.089642e+02
  3.566100e+05   3.133677e+02   4.195940e+02
  3.708700e+05   3.317505e+02   4.442082e+02
  3.710800e+05   3.320190e+02   4.445678e+02
  3.851400e+05   3.500703e+02   4.687382e+02
  3.916900e+05   3.584213e+02   4.799200e+02
  3.994000e+05   3.682778e+02   4.931178e+02
  4.123100e+05   3.846276e+02   5.150099e+02
  4.136600e+05   3.863405e+02   5.173034e+02
  4.279300e+05   4.042332e+02   5.412614e+02
  4.329300e+05   4.104218e+02   5.495479e+02
  4.421900e+05   4.219073e+02   5.649267e+02
  4.535400e+05   4.357607e+02   5.834762e+02
  4.564600e+05   4.393207e+02   5.882430e+02
  4.707200e+05   4.564080e+02   6.111226e+02
  4.741600e+05   4.604374e+02   6.165179e+02
  4.849900e+05   4.731251e+02   6.335065e+02
  4.947700e+05   4.843542e+02   6.485420e+02
  4.992500e+05   4.894809e+02   6.554067e+02
  5.135100e+05   5.054244e+02   6.767547e+02
  5.153900e+05   5.074624e+02   6.794835e+02
  5.277800e+05   5.208656e+02   6.974302e+02
  5.360000e+05   5.295260e+02   7.090264e+02
  5.420400e+05   5.358596e+02   7.175069e+02
  5.563100e+05   5.503038e+02   7.368475e+02
  5.566200e+05   5.506073e+02   7.372539e+02
  5.705700e+05   5.642019e+02   7.554567e+02
  5.772300e+05   5.704343e+02   7.638018e+02
  5.848400e+05   5.774994e+02   7.732619e+02
  5.978500e+05   5.890852e+02   7.887750e+02
  5.991000e+05   5.901894e+02   7.902536e+02
  6.133600e+05   6.022413e+02   8.063909e+02
  6.184600e+05   6.063301e+02   8.118657e+02
  6.276300e+05   6.136142e+02   8.216190e+02
  6.390800e+05   6.221925e+02   8.331053e+02
  6.418900e+05   6.242706e+02   8.358878e+02
  6.561600e+05   6.342395e+02   8.492359e+02
  6.597000e+05   6.365440e+02   8.523216e+02
  6.704200e+05   6.434078e+02   8.615121e+02
  6.803100e+05   6.492884e+02   8.693861e+02
  6.846900e+05   6.518498e+02   8.728159e+02
  6.989500e+05   6.595095e+02   8.830720e+02
  7.009300e+05   6.604783e+02   8.843693e+02
  7.132100e+05   6.663253e+02   8.921983e+02
  7.215400e+05   6.698521e+02   8.969206e+02
  7.274800e+05   6.723017e+02   9.002006e+02
  7.417400e+05   6.774672e+02   9.071171e+02
  7.421600e+05   6.775983e+02   9.072926e+02
  7.560100e+05   6.817365e+02   9.128336e+02
  7.627700e+05   6.834007e+02   9.150619e+02
  7.702700e+05   6.851375e+02   9.173875e+02
  7.833900e+05   6.874855e+02   9.205314e+02
  7.845400e+05   6.876762e+02   9.207867e+02
  7.988000e+05   6.892208e+02   9.228550e+02
  8.040000e+05   6.895227e+02   9.232593e+02
  8.130600e+05   6.899057e+02   9.237721e+02
  8.246200e+05   6.897045e+02   9.235026e+02
  8.273300e+05   6.896183e+02   9.233872e+02
  8.415900e+05   6.884119e+02   9.217719e+02
  8.452300e+05   6.878958e+02   9.210808e+02
  8.558600e+05   6.862079e+02   9.188207e+02
  8.658500e+05   6.840454e+02   9.159252e+02
  8.701200e+05   6.830542e+02   9.145980e+02
  8.843900e+05   6.789262e+02   9.090707e+02
  8.864700e+05   6.781995e+02   9.080976e+02
  8.986500e+05   6.737240e+02   9.021051e+02
  9.070800e+05   6.701422e+02   8.973091e+02
  9.129100e+05   6.675663e+02   8.938599e+02
  9.271800e+05   6.604136e+02   8.842826e+02
  9.277000e+05   6.601204e+02   8.838900e+02
  9.414400e+05   6.521410e+02   8.732057e+02
  9.483100e+05   6.477438e+02   8.673180e+02
  9.557100e+05   6.428643e+02   8.607844e+02
  9.689300e+05   6.333175e+02   8.480014e+02
  9.699700e+05   6.325477e+02   8.469706e+02
  9.842400e+05   6.211054e+02   8.316497e+02
  9.895400e+05   6.164974e+02   8.254795e+02
  9.985000e+05   6.085446e+02   8.148309e+02
  1.010160e+06   5.974419e+02   7.999646e+02
  1.012760e+06   5.949161e+02   7.965826e+02
  1.027030e+06   5.800390e+02   7.766624e+02
  1.030770e+06   5.758686e+02   7.710783e+02
  1.041290e+06   5.639473e+02   7.551159e+02
  1.051390e+06   5.517612e+02   7.387989e+02
  1.055560e+06   5.466445e+02   7.319477e+02
  1.069820e+06   5.279399e+02   7.069026e+02
  1.072000e+06   5.248843e+02   7.028112e+02
  1.084090e+06   5.077052e+02   6.798086e+02
  1.092620e+06   4.947596e+02   6.624747e+02
  1.098350e+06   4.859528e+02   6.506826e+02
  1.112610e+06   4.623635e+02   6.190969e+02
  1.113240e+06   4.612376e+02   6.175894e+02
  1.126880e+06   4.365823e+02   5.845763e+02
  1.133850e+06   4.227905e+02   5.661093e+02
  1.141140e+06   4.082251e+02   5.466065e+02
  1.154470e+06   3.785808e+02   5.069133e+02
  1.155410e+06   3.764722e+02   5.040899e+02
  1.169670e+06   3.395477e+02   4.546486e+02
  1.175080e+06   3.222620e+02   4.315033e+02
  1.183940e+06   2.937825e+02   3.933698e+02
  1.195700e+06   2.425862e+02   3.248188e+02
  1.198200e+06   2.316513e+02   3.101771e+02
  1.216310e+06   2.289851e+02   3.066072e+02
  1.236930e+06   2.255529e+02   3.020115e+02
  1.257540e+06   2.216979e+02   2.968498e+02
  1.278160e+06   2.174699e+02   2.911885e+02
  1.298770e+06   2.128191e+02   2.849611e+02
  1.319390e+06   2.077703e+02   2.782010e+02
  1.340010e+06   2.023485e+02   2.709412e+02
  1.360620e+06   1.965288e+02   2.631487e+02
  1.381240e+06   1.903110e+02   2.548232e+02
  1.401850e+06   1.836954e+02   2.459651e+02
  1.422470e+06   1.767316e+02   2.366406e+02
  1.443080e+06   1.693450e+02   2.267501e+02
  1.463700e+06   1.615853e+02   2.163600e+02
  1.484310e+06   1.534525e+02   2.054704e+02
  1.504930e+06   1.449219e+02   1.940480e+02
  1.525550e+06   1.359684e+02   1.820594e+02
  1.546160e+06   1.266170e+02   1.695380e+02
  1.566780e+06   1.168179e+02   1.564172e+02
  1.587390e+06   1.065215e+02   1.426305e+02
  1.608010e+06   9.565294e+01   1.280777e+02
  1.628620e+06   8.416264e+01   1.126924e+02
  1.649240e+06   7.182675e+01   9.617480e+01
  1.669850e+06   5.839654e+01   7.819198e+01
  1.690470e+06   4.320051e+01   5.784475e+01
  1.711080e+06   2.482102e+01   3.323492e+01
  1.731700e+06   2.487076e-06   3.330152e-06
