# E [eV] - Phi [eV^-1 cm^-2 s^-1]
  1.000000e-06   9.862000e+10
  1.023300e-06   1.032600e+11
  1.047100e-06   1.081200e+11
  1.071500e-06   1.132100e+11
  1.096500e-06   1.185300e+11
  1.122000e-06   1.241100e+11
  1.148200e-06   1.299500e+11
  1.174900e-06   1.360600e+11
  1.202300e-06   1.424600e+11
  1.230300e-06   1.491600e+11
  1.258900e-06   1.561800e+11
  1.288200e-06   1.635300e+11
  1.318300e-06   1.712200e+11
  1.349000e-06   1.792700e+11
  1.380400e-06   1.877000e+11
  1.412500e-06   1.965300e+11
  1.445400e-06   2.057700e+11
  1.479100e-06   2.154500e+11
  1.513600e-06   2.255800e+11
  1.548800e-06   2.361800e+11
  1.584900e-06   2.472900e+11
  1.621800e-06   2.589100e+11
  1.659600e-06   2.710900e+11
  1.698200e-06   2.838300e+11
  1.737800e-06   2.971700e+11
  1.778300e-06   3.111400e+11
  1.819700e-06   3.257600e+11
  1.862100e-06   3.410700e+11
  1.905500e-06   3.571000e+11
  1.949800e-06   3.738800e+11
  1.995300e-06   3.914400e+11
  2.041700e-06   4.098400e+11
  2.089300e-06   4.290900e+11
  2.138000e-06   4.492500e+11
  2.187800e-06   4.703500e+11
  2.238700e-06   4.924400e+11
  2.290900e-06   5.155700e+11
  2.344200e-06   5.397800e+11
  2.398800e-06   5.651200e+11
  2.454700e-06   5.916600e+11
  2.511900e-06   6.194400e+11
  2.570400e-06   6.485200e+11
  2.630300e-06   6.789600e+11
  2.691500e-06   7.108200e+11
  2.754200e-06   7.441800e+11
  2.818400e-06   7.791100e+11
  2.884000e-06   8.156600e+11
  2.951200e-06   8.539300e+11
  3.020000e-06   8.939900e+11
  3.090300e-06   9.359300e+11
  3.162300e-06   9.798200e+11
  3.235900e-06   1.025800e+12
  3.311300e-06   1.073900e+12
  3.388400e-06   1.124200e+12
  3.467400e-06   1.176900e+12
  3.548100e-06   1.232100e+12
  3.630800e-06   1.289800e+12
  3.715400e-06   1.350300e+12
  3.801900e-06   1.413500e+12
  3.890500e-06   1.479800e+12
  3.981100e-06   1.549100e+12
  4.073800e-06   1.621600e+12
  4.168700e-06   1.697600e+12
  4.265800e-06   1.777100e+12
  4.365200e-06   1.860300e+12
  4.466800e-06   1.947300e+12
  4.570900e-06   2.038500e+12
  4.677400e-06   2.133800e+12
  4.786300e-06   2.233700e+12
  4.897800e-06   2.338200e+12
  5.011900e-06   2.447500e+12
  5.128600e-06   2.561900e+12
  5.248100e-06   2.681700e+12
  5.370300e-06   2.807100e+12
  5.495400e-06   2.938200e+12
  5.623400e-06   3.075500e+12
  5.754400e-06   3.219200e+12
  5.888400e-06   3.369500e+12
  6.025600e-06   3.526900e+12
  6.166000e-06   3.691500e+12
  6.309600e-06   3.863800e+12
  6.456500e-06   4.044100e+12
  6.606900e-06   4.232700e+12
  6.760800e-06   4.430200e+12
  6.918300e-06   4.636700e+12
  7.079500e-06   4.852900e+12
  7.244400e-06   5.079000e+12
  7.413100e-06   5.315600e+12
  7.585800e-06   5.563200e+12
  7.762500e-06   5.822300e+12
  7.943300e-06   6.093300e+12
  8.128300e-06   6.376900e+12
  8.317600e-06   6.673600e+12
  8.511400e-06   6.983900e+12
  8.709600e-06   7.308700e+12
  8.912500e-06   7.648300e+12
  9.120100e-06   8.003700e+12
  9.332500e-06   8.375500e+12
  9.549900e-06   8.764300e+12
  9.772400e-06   9.171100e+12
  1.000000e-05   9.596700e+12
  1.023300e-05   1.004200e+13
  1.047100e-05   1.050700e+13
  1.071500e-05   1.099400e+13
  1.096500e-05   1.150400e+13
  1.122000e-05   1.203600e+13
  1.148200e-05   1.259300e+13
  1.174900e-05   1.317600e+13
  1.202300e-05   1.378500e+13
  1.230300e-05   1.442200e+13
  1.258900e-05   1.508900e+13
  1.288200e-05   1.578600e+13
  1.318300e-05   1.651400e+13
  1.349000e-05   1.727600e+13
  1.380400e-05   1.807300e+13
  1.412500e-05   1.890500e+13
  1.445400e-05   1.977600e+13
  1.479100e-05   2.068600e+13
  1.513600e-05   2.163800e+13
  1.548800e-05   2.263300e+13
  1.584900e-05   2.367300e+13
  1.621800e-05   2.476000e+13
  1.659600e-05   2.589600e+13
  1.698200e-05   2.708400e+13
  1.737800e-05   2.832500e+13
  1.778300e-05   2.962300e+13
  1.819700e-05   3.097800e+13
  1.862100e-05   3.239500e+13
  1.905500e-05   3.387600e+13
  1.949800e-05   3.542300e+13
  1.995300e-05   3.703900e+13
  2.041700e-05   3.872800e+13
  2.089300e-05   4.049200e+13
  2.138000e-05   4.233500e+13
  2.187800e-05   4.426000e+13
  2.238700e-05   4.627100e+13
  2.290900e-05   4.837100e+13
  2.344200e-05   5.056500e+13
  2.398800e-05   5.285500e+13
  2.454700e-05   5.524800e+13
  2.511900e-05   5.774600e+13
  2.570400e-05   6.035400e+13
  2.630300e-05   6.307700e+13
  2.691500e-05   6.591900e+13
  2.754200e-05   6.888700e+13
  2.818400e-05   7.198400e+13
  2.884000e-05   7.521700e+13
  2.951200e-05   7.859000e+13
  3.020000e-05   8.211100e+13
  3.090300e-05   8.578400e+13
  3.162300e-05   8.961600e+13
  3.235900e-05   9.361400e+13
  3.311300e-05   9.778500e+13
  3.388400e-05   1.021300e+14
  3.467400e-05   1.066700e+14
  3.548100e-05   1.114000e+14
  3.630800e-05   1.163300e+14
  3.715400e-05   1.214800e+14
  3.801900e-05   1.268400e+14
  3.890500e-05   1.324300e+14
  3.981100e-05   1.382500e+14
  4.073800e-05   1.443200e+14
  4.168700e-05   1.506400e+14
  4.265800e-05   1.572300e+14
  4.365200e-05   1.640900e+14
  4.466800e-05   1.712300e+14
  4.570900e-05   1.786700e+14
  4.677400e-05   1.864200e+14
  4.786300e-05   1.944800e+14
  4.897800e-05   2.028700e+14
  5.011900e-05   2.116100e+14
  5.128600e-05   2.207000e+14
  5.248100e-05   2.301500e+14
  5.370300e-05   2.399800e+14
  5.495400e-05   2.502100e+14
  5.623400e-05   2.608400e+14
  5.754400e-05   2.718900e+14
  5.888400e-05   2.833700e+14
  6.025600e-05   2.953000e+14
  6.166000e-05   3.077000e+14
  6.309600e-05   3.205700e+14
  6.456500e-05   3.339300e+14
  6.606900e-05   3.478100e+14
  6.760800e-05   3.622000e+14
  6.918300e-05   3.771400e+14
  7.079500e-05   3.926400e+14
  7.244400e-05   4.087000e+14
  7.413100e-05   4.253500e+14
  7.585800e-05   4.426100e+14
  7.762500e-05   4.604900e+14
  7.943300e-05   4.790000e+14
  8.128300e-05   4.981700e+14
  8.317600e-05   5.180100e+14
  8.511400e-05   5.385400e+14
  8.709600e-05   5.597600e+14
  8.912500e-05   5.817000e+14
  9.120100e-05   6.043800e+14
  9.332500e-05   6.278000e+14
  9.549900e-05   6.519800e+14
  9.772400e-05   6.769300e+14
  1.000000e-04   7.026700e+14
  1.023300e-04   7.292100e+14
  1.047100e-04   7.565600e+14
  1.071500e-04   7.847300e+14
  1.096500e-04   8.137300e+14
  1.122000e-04   8.435600e+14
  1.148200e-04   8.742300e+14
  1.174900e-04   9.057600e+14
  1.202300e-04   9.381300e+14
  1.230300e-04   9.713500e+14
  1.258900e-04   1.005400e+15
  1.288200e-04   1.040300e+15
  1.318300e-04   1.076100e+15
  1.349000e-04   1.112700e+15
  1.380400e-04   1.150100e+15
  1.412500e-04   1.188300e+15
  1.445400e-04   1.227300e+15
  1.479100e-04   1.267100e+15
  1.513600e-04   1.307600e+15
  1.548800e-04   1.348900e+15
  1.584900e-04   1.390800e+15
  1.621800e-04   1.433300e+15
  1.659600e-04   1.476500e+15
  1.698200e-04   1.520300e+15
  1.737800e-04   1.564500e+15
  1.778300e-04   1.609200e+15
  1.819700e-04   1.654300e+15
  1.862100e-04   1.699800e+15
  1.905500e-04   1.745500e+15
  1.949800e-04   1.791400e+15
  1.995300e-04   1.837400e+15
  2.041700e-04   1.883400e+15
  2.089300e-04   1.929300e+15
  2.138000e-04   1.975100e+15
  2.187800e-04   2.020600e+15
  2.238700e-04   2.065700e+15
  2.290900e-04   2.110300e+15
  2.344200e-04   2.154200e+15
  2.398800e-04   2.197500e+15
  2.454700e-04   2.239800e+15
  2.511900e-04   2.281100e+15
  2.570400e-04   2.321200e+15
  2.630300e-04   2.360100e+15
  2.691500e-04   2.397500e+15
  2.754200e-04   2.433300e+15
  2.818400e-04   2.467400e+15
  2.884000e-04   2.499500e+15
  2.951200e-04   2.529600e+15
  3.020000e-04   2.557500e+15
  3.090300e-04   2.583100e+15
  3.162300e-04   2.606200e+15
  3.235900e-04   2.626600e+15
  3.311300e-04   2.644200e+15
  3.388400e-04   2.659000e+15
  3.467400e-04   2.670600e+15
  3.548100e-04   2.679200e+15
  3.630800e-04   2.684400e+15
  3.715400e-04   2.686300e+15
  3.801900e-04   2.684700e+15
  3.890500e-04   2.679600e+15
  3.981100e-04   2.670800e+15
  4.073800e-04   2.658400e+15
  4.168700e-04   2.642300e+15
  4.265800e-04   2.622500e+15
  4.365200e-04   2.599100e+15
  4.466800e-04   2.571900e+15
  4.570900e-04   2.541000e+15
  4.677400e-04   2.506600e+15
  4.786300e-04   2.468600e+15
  4.897800e-04   2.427200e+15
  5.011900e-04   2.382500e+15
  5.128600e-04   2.334500e+15
  5.248100e-04   2.283500e+15
  5.370300e-04   2.229600e+15
  5.495400e-04   2.172900e+15
  5.623400e-04   2.113800e+15
  5.754400e-04   2.052300e+15
  5.888400e-04   1.988700e+15
  6.025600e-04   1.923300e+15
  6.166000e-04   1.856200e+15
  6.309600e-04   1.787800e+15
  6.456500e-04   1.718300e+15
  6.606900e-04   1.647900e+15
  6.760800e-04   1.576900e+15
  6.918300e-04   1.505500e+15
  7.079500e-04   1.434100e+15
  7.244400e-04   1.362900e+15
  7.413100e-04   1.292200e+15
  7.585800e-04   1.222100e+15
  7.762500e-04   1.153000e+15
  7.943300e-04   1.085000e+15
  8.128300e-04   1.018400e+15
  8.317600e-04   9.533000e+14
  8.511400e-04   8.899900e+14
  8.709600e-04   8.286000e+14
  8.912500e-04   7.692700e+14
  9.120100e-04   7.121400e+14
  9.332500e-04   6.573100e+14
  9.549900e-04   6.048900e+14
  9.772400e-04   5.549500e+14
  1.000000e-03   5.075300e+14
  1.023300e-03   4.626900e+14
  1.047100e-03   4.204300e+14
  1.071500e-03   3.807500e+14
  1.096500e-03   3.436400e+14
  1.122000e-03   3.090600e+14
  1.148200e-03   2.769800e+14
  1.174900e-03   2.473200e+14
  1.202300e-03   2.200100e+14
  1.230300e-03   1.949700e+14
  1.258900e-03   1.721100e+14
  1.288200e-03   1.513200e+14
  1.318300e-03   1.325000e+14
  1.349000e-03   1.155400e+14
  1.380400e-03   1.003200e+14
  1.412500e-03   8.672300e+13
  1.445400e-03   7.463500e+13
  1.479100e-03   6.393900e+13
  1.513600e-03   5.452000e+13
  1.548800e-03   4.626600e+13
  1.584900e-03   3.907000e+13
  1.621800e-03   3.282800e+13
  1.659600e-03   2.744200e+13
  1.698200e-03   2.282000e+13
  1.737800e-03   1.887500e+13
  1.778300e-03   1.552600e+13
  1.819700e-03   1.269900e+13
  1.862100e-03   1.032800e+13
  1.905500e-03   8.350100e+12
  1.949800e-03   6.710500e+12
  1.995300e-03   5.359600e+12
  2.041700e-03   4.253800e+12
  2.089300e-03   3.354400e+12
  2.138000e-03   2.627800e+12
  2.187800e-03   2.044700e+12
  2.238700e-03   1.580000e+12
  2.290900e-03   1.212300e+12
  2.344200e-03   9.234600e+11
  2.398800e-03   6.982400e+11
  2.454700e-03   5.239700e+11
  2.511900e-03   3.901500e+11
  2.570400e-03   2.882100e+11
  2.630300e-03   2.111800e+11
  2.691500e-03   1.534600e+11
  2.754200e-03   1.105700e+11
  2.818400e-03   7.897600e+10
  2.884000e-03   5.590900e+10
  2.951200e-03   3.922100e+10
  3.020000e-03   2.725800e+10
  3.090300e-03   1.876400e+10
  3.162300e-03   1.279100e+10
  3.235900e-03   8.632800e+09
  3.311300e-03   5.767000e+09
  3.388400e-03   3.812500e+09
  3.467400e-03   2.493500e+09
  3.548100e-03   1.613100e+09
  3.630800e-03   1.031900e+09
  3.715400e-03   6.525300e+08
  3.801900e-03   4.078400e+08
  3.890500e-03   2.518500e+08
  3.981100e-03   1.536300e+08
  4.073800e-03   9.253800e+07
  4.168700e-03   5.502800e+07
  4.265800e-03   3.229400e+07
  4.365200e-03   1.869800e+07
  4.466800e-03   1.067800e+07
  4.570900e-03   6.012100e+06
  4.677400e-03   3.336600e+06
  4.786300e-03   1.824600e+06
  4.897800e-03   9.827400e+05
  5.011900e-03   5.211900e+05
  5.128600e-03   2.720600e+05
  5.248100e-03   1.397300e+05
  5.370300e-03   7.058600e+04
  5.495400e-03   3.505700e+04
  5.623400e-03   1.711100e+04
  5.754400e-03   8.204700e+03
  5.888400e-03   3.863200e+03
  6.025600e-03   1.785400e+03
  6.166000e-03   8.095900e+02
  6.309600e-03   3.600200e+02
  6.456500e-03   1.569300e+02
  6.606900e-03   6.702600e+01
  6.760800e-03   2.803500e+01
  6.918300e-03   1.147800e+01
  7.079500e-03   4.597700e+00
  7.244400e-03   1.800900e+00
  7.413100e-03   6.894500e-01
  7.585800e-03   2.578300e-01
  7.762500e-03   9.413200e-02
  7.943300e-03   3.353400e-02
  8.128300e-03   1.165000e-02
  8.317600e-03   3.944700e-03
  8.511400e-03   1.301000e-03
  8.709600e-03   4.176900e-04
  8.912500e-03   1.304600e-04
  9.120100e-03   3.961400e-05
  9.332500e-03   1.168700e-05
  9.549900e-03   3.347700e-06
  9.772400e-03   9.304100e-07
  1.000000e-02   2.507200e-07
  1.023300e-02   6.545800e-08
  1.047100e-02   1.654600e-08
  1.071500e-02   4.046100e-09
  1.096500e-02   9.564900e-10
  1.122000e-02   2.184000e-10
  1.148200e-02   4.813200e-11
  1.174900e-02   1.022900e-11
  1.202300e-02   2.094700e-12
  1.230300e-02   4.129400e-13
  1.258900e-02   7.830100e-14
  1.288200e-02   1.426800e-14
  1.318300e-02   2.496100e-15
  1.349000e-02   4.188500e-16
  1.380400e-02   6.734900e-17
  1.412500e-02   1.036700e-17
  1.445400e-02   1.526100e-18
  1.479100e-02   2.146200e-19
  1.513600e-02   2.880300e-20
  1.548800e-02   3.684900e-21
  1.584900e-02   4.488900e-22
  1.621800e-02   5.201200e-23
  1.659600e-02   5.725200e-24
  1.698200e-02   5.979900e-25
  1.737800e-02   5.919400e-26
  1.778300e-02   5.546200e-27
  1.819700e-02   4.912500e-28
  1.862100e-02   4.107900e-29
  1.905500e-02   3.238700e-30
  1.949800e-02   2.404100e-31
  1.995300e-02   1.677900e-32
  2.041700e-02   1.099500e-33
  2.089300e-02   6.754100e-35
  2.138000e-02   3.883800e-36
  2.187800e-02   2.087300e-37
  2.238700e-02   1.046900e-38
  2.290900e-02   4.891600e-40
  2.344200e-02   2.125900e-41
  2.398800e-02   8.579400e-43
  2.454700e-02   3.209500e-44
  2.511900e-02   1.111000e-45
  2.570400e-02   3.552000e-47
  2.630300e-02   1.047000e-48
  2.691500e-02   2.840100e-50
  2.754200e-02   7.075200e-52
  2.818400e-02   1.615600e-53
  2.884000e-02   3.374600e-55
  2.951200e-02   6.434400e-57
  3.020000e-02   1.117600e-58
  3.090300e-02   1.764300e-60
  3.162300e-02   2.526100e-62
  3.235900e-02   3.272600e-64
  3.311300e-02   3.827500e-66
  3.388400e-02   4.031400e-68
  3.467400e-02   3.814900e-70
  3.548100e-02   3.235100e-72
  3.630800e-02   2.452300e-74
  3.715400e-02   1.657400e-76
  3.801900e-02   9.959500e-79
  3.890500e-02   5.307100e-81
  3.981100e-02   2.500600e-83
  4.073800e-02   1.038900e-85
  4.168700e-02   3.794700e-88
  4.265800e-02   1.214900e-90
  4.365200e-02   3.398800e-93
  4.466800e-02   8.282600e-96
  4.570900e-02   1.752600e-98
  4.677400e-02  3.209400e-101
  4.786300e-02  5.069300e-104
  4.897800e-02  6.882500e-107
  5.011900e-02  8.003800e-110
  5.128600e-02  7.943800e-113
  5.248100e-02  6.704100e-116
  5.370300e-02  4.792800e-119
  5.495400e-02  2.891400e-122
  5.623400e-02  1.466100e-125
  5.754400e-02  6.222900e-129
  5.888400e-02  2.202000e-132
  6.025600e-02  6.468300e-136
  6.166000e-02  1.570500e-139
  6.309600e-02  3.137600e-143
  6.456500e-02  5.134800e-147
  6.606900e-02  6.851800e-151
  6.760800e-02  7.419300e-155
  6.918300e-02  6.487600e-159
  7.079500e-02  4.558400e-163
  7.244400e-02  2.560600e-167
  7.413100e-02  1.143900e-171
  7.585800e-02  4.042500e-176
  7.762500e-02  1.123900e-180
  7.943300e-02  2.444900e-185
  8.128300e-02  4.137200e-190
  8.317600e-02  5.414300e-195
  8.511400e-02  5.447100e-200
  8.709600e-02  4.187200e-205
  8.912500e-02  2.443900e-210
  9.120100e-02  1.076100e-215
  9.332500e-02  3.551600e-221
  9.549900e-02  8.726500e-227
  9.772400e-02  1.585300e-232
  1.000000e-01  2.114600e-238
  1.023300e-01  2.055900e-244
  1.047100e-01  1.446400e-250
  1.071500e-01  7.307900e-257
  1.096500e-01  2.631200e-263
  1.122000e-01  6.698400e-270
  1.148200e-01  1.196000e-276
  1.174900e-01  1.485300e-283
  1.202300e-01  1.272300e-290
  1.230300e-01  7.452000e-298
  1.258900e-01  2.958200e-305
  1.288200e-01  7.887300e-313
  1.318300e-01  1.399194e-320
  1.349000e-01   0.000000e+00
  1.380400e-01   0.000000e+00
  1.412500e-01   0.000000e+00
  1.445400e-01   0.000000e+00
  1.479100e-01   0.000000e+00
  1.513600e-01   0.000000e+00
  1.548800e-01   0.000000e+00
  1.584900e-01   0.000000e+00
  1.621800e-01   0.000000e+00
  1.659600e-01   0.000000e+00
  1.698200e-01   0.000000e+00
  1.737800e-01   0.000000e+00
  1.778300e-01   0.000000e+00
  1.819700e-01   0.000000e+00
  1.862100e-01   0.000000e+00
  1.905500e-01   0.000000e+00
  1.949800e-01   0.000000e+00
  1.995300e-01   0.000000e+00
  2.041700e-01   0.000000e+00
  2.089300e-01   0.000000e+00
  2.138000e-01   0.000000e+00
  2.187800e-01   0.000000e+00
  2.238700e-01   0.000000e+00
  2.290900e-01   0.000000e+00
  2.344200e-01   0.000000e+00
  2.398800e-01   0.000000e+00
  2.454700e-01   0.000000e+00
  2.511900e-01   0.000000e+00
  2.570400e-01   0.000000e+00
  2.630300e-01   0.000000e+00
  2.691500e-01   0.000000e+00
  2.754200e-01   0.000000e+00
  2.818400e-01   0.000000e+00
  2.884000e-01   0.000000e+00
  2.951200e-01   0.000000e+00
  3.020000e-01   0.000000e+00
  3.090300e-01   0.000000e+00
  3.162300e-01   0.000000e+00
  3.235900e-01   0.000000e+00
  3.311300e-01   0.000000e+00
  3.388400e-01   0.000000e+00
  3.467400e-01   0.000000e+00
  3.548100e-01   0.000000e+00
  3.630800e-01   0.000000e+00
  3.715400e-01   0.000000e+00
  3.801900e-01   0.000000e+00
  3.890500e-01   0.000000e+00
  3.981100e-01   0.000000e+00
  4.073800e-01   0.000000e+00
  4.168700e-01   0.000000e+00
  4.265800e-01   0.000000e+00
  4.365200e-01   0.000000e+00
  4.466800e-01   0.000000e+00
  4.570900e-01   0.000000e+00
  4.677400e-01   0.000000e+00
  4.786300e-01   0.000000e+00
  4.897800e-01   0.000000e+00
  5.011900e-01   0.000000e+00
  5.128600e-01   0.000000e+00
  5.248100e-01   0.000000e+00
  5.370300e-01   0.000000e+00
  5.495400e-01   0.000000e+00
  5.623400e-01   0.000000e+00
  5.754400e-01   0.000000e+00
  5.888400e-01   0.000000e+00
  6.025600e-01   0.000000e+00
  6.166000e-01   0.000000e+00
  6.309600e-01   0.000000e+00
  6.456500e-01   0.000000e+00
  6.606900e-01   0.000000e+00
  6.760800e-01   0.000000e+00
  6.918300e-01   0.000000e+00
  7.079500e-01   0.000000e+00
  7.244400e-01   0.000000e+00
  7.413100e-01   0.000000e+00
  7.585800e-01   0.000000e+00
  7.762500e-01   0.000000e+00
  7.943300e-01   0.000000e+00
  8.128300e-01   0.000000e+00
  8.317600e-01   0.000000e+00
  8.511400e-01   0.000000e+00
  8.709600e-01   0.000000e+00
  8.912500e-01   0.000000e+00
  9.120100e-01   0.000000e+00
  9.332500e-01   0.000000e+00
  9.549900e-01   0.000000e+00
  9.772400e-01   0.000000e+00
  1.000000e+00   0.000000e+00
  1.023300e+00   0.000000e+00
  1.047100e+00   0.000000e+00
  1.071500e+00   0.000000e+00
  1.096500e+00   0.000000e+00
  1.122000e+00   0.000000e+00
  1.148200e+00   0.000000e+00
  1.174900e+00   0.000000e+00
  1.202300e+00   0.000000e+00
  1.230300e+00   0.000000e+00
  1.258900e+00   0.000000e+00
  1.288200e+00   0.000000e+00
  1.318300e+00   0.000000e+00
  1.349000e+00   0.000000e+00
  1.380400e+00   0.000000e+00
  1.412500e+00   0.000000e+00
  1.445400e+00   0.000000e+00
  1.479100e+00   0.000000e+00
  1.513600e+00   0.000000e+00
  1.548800e+00   0.000000e+00
  1.584900e+00   0.000000e+00
  1.621800e+00   0.000000e+00
  1.659600e+00   0.000000e+00
  1.698200e+00   0.000000e+00
  1.737800e+00   0.000000e+00
  1.778300e+00   0.000000e+00
  1.819700e+00   0.000000e+00
  1.862100e+00   0.000000e+00
  1.905500e+00   0.000000e+00
  1.949800e+00   0.000000e+00
  1.995300e+00   0.000000e+00
  2.041700e+00   0.000000e+00
  2.089300e+00   0.000000e+00
  2.138000e+00   0.000000e+00
  2.187800e+00   0.000000e+00
  2.238700e+00   0.000000e+00
  2.290900e+00   0.000000e+00
  2.344200e+00   0.000000e+00
  2.398800e+00   0.000000e+00
  2.454700e+00   0.000000e+00
  2.511900e+00   0.000000e+00
  2.570400e+00   0.000000e+00
  2.630300e+00   0.000000e+00
  2.691500e+00   0.000000e+00
  2.754200e+00   0.000000e+00
  2.818400e+00   0.000000e+00
  2.884000e+00   0.000000e+00
  2.951200e+00   0.000000e+00
  3.020000e+00   0.000000e+00
  3.090300e+00   0.000000e+00
  3.162300e+00   0.000000e+00
  3.235900e+00   0.000000e+00
  3.311300e+00   0.000000e+00
  3.388400e+00   0.000000e+00
  3.467400e+00   0.000000e+00
  3.548100e+00   0.000000e+00
  3.630800e+00   0.000000e+00
  3.715400e+00   0.000000e+00
  3.801900e+00   0.000000e+00
  3.890500e+00   0.000000e+00
  3.981100e+00   0.000000e+00
  4.073800e+00   0.000000e+00
  4.168700e+00   0.000000e+00
  4.265800e+00   0.000000e+00
  4.365200e+00   0.000000e+00
  4.466800e+00   0.000000e+00
  4.570900e+00   0.000000e+00
  4.677400e+00   0.000000e+00
  4.786300e+00   0.000000e+00
  4.897800e+00   0.000000e+00
  5.011900e+00   0.000000e+00
  5.128600e+00   0.000000e+00
  5.248100e+00   0.000000e+00
  5.370300e+00   0.000000e+00
  5.495400e+00   0.000000e+00
  5.623400e+00   0.000000e+00
  5.754400e+00   0.000000e+00
  5.888400e+00   0.000000e+00
  6.025600e+00   0.000000e+00
  6.166000e+00   0.000000e+00
  6.309600e+00   0.000000e+00
  6.456500e+00   0.000000e+00
  6.606900e+00   0.000000e+00
  6.760800e+00   0.000000e+00
  6.918300e+00   0.000000e+00
  7.079500e+00   0.000000e+00
  7.244400e+00   0.000000e+00
  7.413100e+00   0.000000e+00
  7.585800e+00   0.000000e+00
  7.762500e+00   0.000000e+00
  7.943300e+00   0.000000e+00
  8.128300e+00   0.000000e+00
  8.317600e+00   0.000000e+00
  8.511400e+00   0.000000e+00
  8.709600e+00   0.000000e+00
  8.912500e+00   0.000000e+00
  9.120100e+00   0.000000e+00
  9.332500e+00   0.000000e+00
  9.549900e+00   0.000000e+00
  9.772400e+00   0.000000e+00
  1.000000e+01   0.000000e+00
  1.023300e+01   0.000000e+00
  1.047100e+01   0.000000e+00
  1.071500e+01   0.000000e+00
  1.096500e+01   0.000000e+00
  1.122000e+01   0.000000e+00
  1.148200e+01   0.000000e+00
  1.174900e+01   0.000000e+00
  1.202300e+01   0.000000e+00
  1.230300e+01   0.000000e+00
  1.258900e+01   0.000000e+00
  1.288200e+01   0.000000e+00
  1.318300e+01   0.000000e+00
  1.349000e+01   0.000000e+00
  1.380400e+01   0.000000e+00
  1.412500e+01   0.000000e+00
  1.445400e+01   0.000000e+00
  1.479100e+01   0.000000e+00
  1.513600e+01   0.000000e+00
  1.548800e+01   0.000000e+00
  1.584900e+01   0.000000e+00
  1.621800e+01   0.000000e+00
  1.659600e+01   0.000000e+00
  1.698200e+01   0.000000e+00
  1.737800e+01   0.000000e+00
  1.778300e+01   0.000000e+00
  1.819700e+01   0.000000e+00
  1.862100e+01   0.000000e+00
  1.905500e+01   0.000000e+00
  1.949800e+01   0.000000e+00
  1.995300e+01   0.000000e+00
  2.041700e+01   0.000000e+00
  2.089300e+01   0.000000e+00
  2.138000e+01   0.000000e+00
  2.187800e+01   0.000000e+00
  2.238700e+01   0.000000e+00
  2.290900e+01   0.000000e+00
  2.344200e+01   0.000000e+00
  2.398800e+01   0.000000e+00
  2.454700e+01   0.000000e+00
  2.511900e+01   0.000000e+00
  2.570400e+01   0.000000e+00
  2.630300e+01   0.000000e+00
  2.691500e+01   0.000000e+00
  2.754200e+01   0.000000e+00
  2.818400e+01   0.000000e+00
  2.884000e+01   0.000000e+00
  2.951200e+01   0.000000e+00
  3.020000e+01   0.000000e+00
  3.090300e+01   0.000000e+00
  3.162300e+01   0.000000e+00
  3.235900e+01   0.000000e+00
  3.311300e+01   0.000000e+00
  3.388400e+01   0.000000e+00
  3.467400e+01   0.000000e+00
  3.548100e+01   0.000000e+00
  3.630800e+01   0.000000e+00
  3.715400e+01   0.000000e+00
  3.801900e+01   0.000000e+00
  3.890500e+01   0.000000e+00
  3.981100e+01   0.000000e+00
  4.073800e+01   0.000000e+00
  4.168700e+01   0.000000e+00
  4.265800e+01   0.000000e+00
  4.365200e+01   0.000000e+00
  4.466800e+01   0.000000e+00
  4.570900e+01   0.000000e+00
  4.677400e+01   0.000000e+00
  4.786300e+01   0.000000e+00
  4.897800e+01   0.000000e+00
  5.011900e+01   0.000000e+00
  5.128600e+01   0.000000e+00
  5.248100e+01   0.000000e+00
  5.370300e+01   0.000000e+00
  5.495400e+01   0.000000e+00
  5.623400e+01   0.000000e+00
  5.754400e+01   0.000000e+00
  5.888400e+01   0.000000e+00
  6.025600e+01   0.000000e+00
  6.166000e+01   0.000000e+00
  6.309600e+01   0.000000e+00
  6.456500e+01   0.000000e+00
  6.606900e+01   0.000000e+00
  6.760800e+01   0.000000e+00
  6.918300e+01   0.000000e+00
  7.079500e+01   0.000000e+00
  7.244400e+01   0.000000e+00
  7.413100e+01   0.000000e+00
  7.585800e+01   0.000000e+00
  7.762500e+01   0.000000e+00
  7.943300e+01   0.000000e+00
