# E [eV] - Phi [eV^-1 cm^-2 s^-1]
  1.258900e+16   1.854900e-33
  1.584900e+16   1.089100e-33
  1.995300e+16   7.407200e-34
  2.511900e+16   5.493400e-34
  3.162300e+16   4.314000e-34
  3.981100e+16   3.549500e-34
  5.011900e+16   2.980600e-34
  6.309600e+16   2.493200e-34
  7.943300e+16   2.045400e-34
  1.000000e+17   1.634800e-34
  1.258900e+17   1.265000e-34
  1.584900e+17   9.448000e-35
  1.995300e+17   6.830500e-35
  2.511900e+17   4.779300e-35
  3.162300e+17   3.243300e-35
  3.981100e+17   2.137000e-35
  5.011900e+17   1.368900e-35
  6.309600e+17   8.536300e-36
  7.943300e+17   5.188500e-36
  1.000000e+18   3.076000e-36
  1.258900e+18   1.773200e-36
  1.584900e+18   9.870900e-37
  1.995300e+18   5.303400e-37
  2.511900e+18   2.739800e-37
  3.162300e+18   1.353900e-37
  3.981100e+18   6.342200e-38
  5.011900e+18   2.811100e-38
  6.309600e+18   1.150400e-38
  7.943300e+18   4.089300e-39
  1.000000e+19   1.332000e-39
  1.258900e+19   4.181500e-40
  1.584900e+19   1.166500e-40
  1.995300e+19   2.151000e-41
  2.511900e+19   2.120300e-42
  3.162300e+19   5.149200e-43
  3.981100e+19   1.146400e-43
