# E [eV] - Phi [eV^-1 cm^-2 s^-1]
  1.258900e+16   7.093100e-32
  1.584900e+16   4.589000e-32
  1.995300e+16   3.282100e-32
  2.511900e+16   2.492500e-32
  3.162300e+16   2.016200e-32
  3.981100e+16   1.673200e-32
  5.011900e+16   1.397800e-32
  6.309600e+16   1.150900e-32
  7.943300e+16   9.173500e-33
  1.000000e+17   7.022700e-33
  1.258900e+17   5.139100e-33
  1.584900e+17   3.599600e-33
  1.995300e+17   2.424000e-33
  2.511900e+17   1.576100e-33
  3.162300e+17   9.919900e-34
  3.981100e+17   6.086900e-34
  5.011900e+17   3.652700e-34
  6.309600e+17   2.148800e-34
  7.943300e+17   1.239200e-34
  1.000000e+18   6.983100e-35
  1.258900e+18   3.850100e-35
  1.584900e+18   2.063100e-35
  1.995300e+18   1.070200e-35
  2.511900e+18   5.332700e-36
  3.162300e+18   2.557100e-36
  3.981100e+18   1.172200e-36
  5.011900e+18   5.020300e-37
  6.309600e+18   2.041400e-37
  7.943300e+18   7.742800e-38
  1.000000e+19   2.649200e-38
  1.258900e+19   7.976500e-39
  1.584900e+19   2.147800e-39
  1.995300e+19   5.066000e-40
  2.511900e+19   7.934400e-41
  3.162300e+19   3.868000e-42
  3.981100e+19   0.000000e+00
