# Cosmic-ray allparticle spectrum, converted from the KISS tables
# Contributing measurements: HAWC, NUCLEON, KASCADE, KASCADE-Grande, IceTop+IceCube, Auger, Tibet, TUNKA-133, TALE, TA
# E [eV] - dE_lo - dE_up - Phi [eV^-1 cm^-2 s^-1] - dPhi_lo - dPhi_up
  7.940000e+12   0.000000e+00   0.000000e+00   1.319469e-18   1.471683e-19   1.471683e-19
  1.122000e+13   0.000000e+00   0.000000e+00   6.305805e-19   4.251565e-20   4.501268e-20
  1.260000e+13   0.000000e+00   0.000000e+00   4.335398e-19   4.883162e-20   4.883162e-20
  1.413000e+13   0.000000e+00   0.000000e+00   3.511044e-19   2.363431e-20   2.633765e-20
  1.778000e+13   0.000000e+00   0.000000e+00   1.957841e-19   1.286025e-20   1.525667e-20
  2.000000e+13   0.000000e+00   0.000000e+00   1.432566e-19   1.625526e-20   1.625526e-20
  2.239000e+13   0.000000e+00   0.000000e+00   1.090761e-19   6.932057e-21   8.774379e-21
  2.818000e+13   0.000000e+00   0.000000e+00   6.059504e-20   3.664580e-21   5.001032e-21
  3.160000e+13   0.000000e+00   0.000000e+00   4.448495e-20   5.173036e-21   5.173036e-21
  3.548000e+13   0.000000e+00   0.000000e+00   3.352708e-20   1.883728e-21   2.829142e-21
  4.467000e+13   0.000000e+00   0.000000e+00   1.846000e-20   9.660191e-22   1.597090e-21
  5.010000e+13   0.000000e+00   0.000000e+00   1.394867e-20   1.670751e-21   1.670751e-21
  5.623000e+13   0.000000e+00   0.000000e+00   1.010588e-20   4.828722e-22   8.878045e-22
  7.079000e+13   0.000000e+00   0.000000e+00   5.502814e-21   2.394024e-22   4.804604e-22
  7.940000e+13   0.000000e+00   0.000000e+00   4.172035e-21   5.429440e-22   5.429440e-22
  8.913000e+13   0.000000e+00   0.000000e+00   2.979486e-21   1.187334e-22   2.561516e-22
  1.120000e+14   0.000000e+00   0.000000e+00   1.085609e-21   2.513274e-25   2.513274e-25
  1.122000e+14   0.000000e+00   0.000000e+00   1.607239e-21   6.099495e-23   1.344522e-22
  1.260000e+14   0.000000e+00   0.000000e+00   1.249097e-21   1.887227e-22   1.887227e-22
  1.410000e+14   0.000000e+00   0.000000e+00   5.886088e-22   1.256637e-25   1.256637e-25
  1.413000e+14   0.000000e+00   0.000000e+00   8.656973e-22   3.072457e-23   6.908764e-23
  1.778000e+14   0.000000e+00   0.000000e+00   4.645787e-22   1.586141e-23   3.655835e-23
  1.780000e+14   0.000000e+00   0.000000e+00   3.178035e-22   1.256637e-25   1.256637e-25
  2.000000e+14   0.000000e+00   0.000000e+00   3.644247e-22   6.503985e-23   6.503985e-23
  2.239000e+14   0.000000e+00   0.000000e+00   2.493168e-22   7.627775e-24   2.082572e-23
  2.240000e+14   0.000000e+00   0.000000e+00   1.709026e-22   1.256637e-25   1.256637e-25
  2.818000e+14   0.000000e+00   0.000000e+00   1.337062e-22   4.352217e-24   1.083182e-23
  2.820000e+14   0.000000e+00   0.000000e+00   9.261415e-23   5.026548e-26   5.026548e-26
  3.160000e+14   0.000000e+00   0.000000e+00   1.026672e-22   2.351814e-23   2.351814e-23
  3.548000e+14   0.000000e+00   0.000000e+00   7.113822e-23   2.550339e-24   6.222072e-24
  3.550000e+14   0.000000e+00   0.000000e+00   5.045398e-23   3.769911e-26   3.769911e-26
  4.467000e+14   0.000000e+00   0.000000e+00   3.779964e-23   1.447831e-24   3.692480e-24
  4.470000e+14   0.000000e+00   0.000000e+00   2.730672e-23   2.513274e-26   2.513274e-26
  5.010000e+14   0.000000e+00   0.000000e+00   2.877699e-23   8.833810e-24   8.833810e-24
  5.620000e+14   0.000000e+00   0.000000e+00   1.481575e-23   1.256637e-26   1.256637e-26
  5.623000e+14   0.000000e+00   0.000000e+00   2.014389e-23   1.047101e-24   2.075581e-24
  7.079000e+14   0.000000e+00   0.000000e+00   1.078069e-23   6.388798e-25   1.059892e-24
  7.080000e+14   0.000000e+00   0.000000e+00   8.008548e-24   8.796459e-27   8.796459e-27
  7.940000e+14   0.000000e+00   0.000000e+00   7.627787e-24   3.540293e-24   3.540293e-24
  8.910000e+14   0.000000e+00   0.000000e+00   4.314035e-24   6.283185e-27   6.283185e-27
  8.913000e+14   0.000000e+00   0.000000e+00   5.776761e-24   4.763273e-25   5.031878e-25
  1.120000e+15   0.000000e+00   0.000000e+00   2.328548e-24   3.769911e-27   3.769911e-27
  1.410000e+15   0.000000e+00   0.000000e+00   1.274230e-24   2.513274e-27   2.513274e-27
  1.778000e+15   0.000000e+00   0.000000e+00   7.959539e-25   2.655274e-26   2.655274e-26
  1.780000e+15   0.000000e+00   0.000000e+00   6.929097e-25   1.759292e-27   1.759292e-27
  2.113000e+15   0.000000e+00   0.000000e+00   3.812637e-25   1.507387e-25   2.110379e-25
  2.239000e+15   0.000000e+00   0.000000e+00   2.902832e-25   4.358623e-26   4.358623e-26
  2.239000e+15   0.000000e+00   0.000000e+00   4.334141e-25   1.714053e-26   1.714053e-26
  2.240000e+15   0.000000e+00   0.000000e+00   3.742265e-25   1.130973e-27   1.130973e-27
  2.371000e+15   0.000000e+00   0.000000e+00   2.793504e-25   9.955062e-26   1.011460e-25
  2.661000e+15   0.000000e+00   0.000000e+00   2.035752e-25   5.412601e-26   5.986618e-26
  2.818000e+15   0.000000e+00   0.000000e+00   2.259433e-25   1.113380e-26   1.113380e-26
  2.818000e+15   0.000000e+00   0.000000e+00   1.476549e-25   2.216112e-26   2.216112e-26
  2.820000e+15   0.000000e+00   0.000000e+00   2.023186e-25   7.539822e-28   7.539822e-28
  2.985000e+15   0.000000e+00   0.000000e+00   1.505451e-25   3.421188e-26   3.332017e-26
  3.350000e+15   0.000000e+00   0.000000e+00   1.112375e-25   2.017243e-26   1.623047e-26
  3.548000e+15   0.000000e+00   0.000000e+00   7.783610e-26   1.168051e-26   1.168051e-26
  3.548000e+15   0.000000e+00   0.000000e+00   1.255380e-25   6.265592e-27   6.265592e-27
  3.548000e+15   0.000000e+00   0.000000e+00   1.131602e-25   7.375963e-27   8.388720e-27
  3.550000e+15   0.000000e+00   0.000000e+00   1.061104e-25   4.775221e-28   4.775221e-28
  3.758000e+15   0.000000e+00   0.000000e+00   8.043734e-26   1.023974e-26   8.089717e-27
  4.217000e+15   0.000000e+00   0.000000e+00   5.716442e-26   5.225506e-27   5.225506e-27
  4.467000e+15   0.000000e+00   0.000000e+00   4.657097e-26   4.705553e-27   4.705553e-27
  4.467000e+15   0.000000e+00   0.000000e+00   6.172601e-26   3.384124e-27   3.384124e-27
  4.467000e+15   0.000000e+00   0.000000e+00   5.795610e-26   3.986627e-27   4.734235e-27
  4.467000e+15   0.000000e+00   0.000000e+00   3.827716e-26   5.743431e-27   5.743431e-27
  4.470000e+15   0.000000e+00   0.000000e+00   5.354531e-26   3.015929e-28   3.015929e-28
  4.732000e+15   0.000000e+00   0.000000e+00   3.976000e-26   5.498958e-27   5.498958e-27
  5.309000e+15   0.000000e+00   0.000000e+00   2.860106e-26   3.473234e-27   3.473234e-27
  5.620000e+15   0.000000e+00   0.000000e+00   2.680407e-26   1.884956e-28   1.884956e-28
  5.623000e+15   0.000000e+00   0.000000e+00   3.296159e-26   1.804531e-27   1.804531e-27
  5.623000e+15   0.000000e+00   0.000000e+00   1.907575e-26   2.862836e-27   2.862836e-27
  5.623000e+15   0.000000e+00   0.000000e+00   2.378814e-26   2.400049e-27   2.400049e-27
  5.623000e+15   0.000000e+00   0.000000e+00   2.919168e-26   2.112845e-27   2.545054e-27
  5.957000e+15   0.000000e+00   0.000000e+00   2.016902e-26   1.652637e-27   1.196329e-27
  6.683000e+15   0.000000e+00   0.000000e+00   1.393611e-26   1.270070e-27   1.240996e-27
  7.079000e+15   0.000000e+00   0.000000e+00   9.413468e-27   1.413630e-27   1.413630e-27
  7.079000e+15   0.000000e+00   0.000000e+00   1.702743e-26   1.197449e-27   1.197449e-27
  7.079000e+15   0.000000e+00   0.000000e+00   1.124062e-26   1.134690e-27   1.134690e-27
  7.079000e+15   0.000000e+00   0.000000e+00   1.531841e-26   3.280425e-27   3.280425e-27
  7.079000e+15   0.000000e+00   0.000000e+00   1.455186e-26   1.098137e-27   1.295880e-27
  7.080000e+15   0.000000e+00   0.000000e+00   1.295593e-26   1.130973e-28   1.130973e-28
  7.499000e+15   0.000000e+00   0.000000e+00   9.797999e-27   1.193722e-27   9.826177e-28
  8.414000e+15   0.000000e+00   0.000000e+00   6.815999e-27   9.631785e-28   9.442278e-28
  8.910000e+15   0.000000e+00   0.000000e+00   6.253026e-27   7.288495e-29   7.288495e-29
  8.913000e+15   0.000000e+00   0.000000e+00   5.520407e-27   5.578123e-28   5.578123e-28
  8.913000e+15   0.000000e+00   0.000000e+00   7.081150e-27   5.604675e-28   6.585723e-28
  8.913000e+15   0.000000e+00   0.000000e+00   4.618141e-27   6.935875e-28   6.935875e-28
  8.913000e+15   0.000000e+00   0.000000e+00   7.861521e-27   5.803150e-28   5.803150e-28
  8.913000e+15   0.000000e+00   0.000000e+00   7.263362e-27   1.556115e-27   1.556115e-27
  9.441000e+15   0.000000e+00   0.000000e+00   4.721185e-27   6.789512e-28   7.758548e-28
  1.059000e+16   0.000000e+00   0.000000e+00   3.311239e-27   5.103231e-28   5.567659e-28
  1.120000e+16   0.000000e+00   0.000000e+00   2.916655e-27   4.398230e-29   4.398230e-29
  1.122000e+16   0.000000e+00   0.000000e+00   2.283310e-27   3.426288e-28   3.426288e-28
  1.122000e+16   0.000000e+00   0.000000e+00   2.691717e-27   2.724787e-28   2.724787e-28
  1.122000e+16   0.000000e+00   0.000000e+00   4.567876e-27   3.477115e-28   3.477115e-28
  1.122000e+16   0.000000e+00   0.000000e+00   3.293646e-27   7.277242e-28   7.277242e-28
  1.122000e+16   0.000000e+00   0.000000e+00   3.390407e-27   2.762823e-28   3.191069e-28
  1.189000e+16   0.000000e+00   0.000000e+00   2.304672e-27   3.531085e-28   4.203847e-28
  1.334000e+16   0.000000e+00   0.000000e+00   1.628602e-27   2.843604e-28   2.944012e-28
  1.410000e+16   0.000000e+00   0.000000e+00   1.457699e-27   2.764602e-29   2.764602e-29
  1.413000e+16   0.000000e+00   0.000000e+00   1.565770e-27   3.407874e-28   3.407874e-28
  1.413000e+16   0.000000e+00   0.000000e+00   1.114637e-27   1.671879e-28   1.671879e-28
  1.413000e+16   0.000000e+00   0.000000e+00   1.863593e-27   1.804531e-28   1.804531e-28
  1.413000e+16   0.000000e+00   0.000000e+00   1.308159e-27   1.327850e-28   1.327850e-28
  1.413000e+16   0.000000e+00   0.000000e+00   1.643681e-27   1.188047e-28   1.476724e-28
  1.496000e+16   0.000000e+00   0.000000e+00   1.136754e-27   2.096191e-28   2.403730e-28
  1.679000e+16   0.000000e+00   0.000000e+00   7.909274e-28   1.399650e-28   1.788713e-28
  1.778000e+16   0.000000e+00   0.000000e+00   5.326885e-28   7.995340e-29   7.995340e-29
  1.778000e+16   0.000000e+00   0.000000e+00   7.647893e-28   1.620749e-28   1.620749e-28
  1.778000e+16   0.000000e+00   0.000000e+00   9.510229e-28   9.850778e-29   9.850778e-29
  1.778000e+16   0.000000e+00   0.000000e+00   8.134212e-28   5.962845e-29   7.454196e-29
  1.778000e+16   0.000000e+00   0.000000e+00   6.188938e-28   6.309441e-29   6.309441e-29
  1.780000e+16   0.000000e+00   0.000000e+00   7.444318e-28   1.771858e-29   1.771858e-29
  1.884000e+16   0.000000e+00   0.000000e+00   5.625964e-28   9.852745e-29   1.208719e-28
  2.113000e+16   0.000000e+00   0.000000e+00   4.036318e-28   6.804318e-29   8.359573e-29
  2.239000e+16   0.000000e+00   0.000000e+00   3.101380e-28   3.176859e-29   3.176859e-29
  2.239000e+16   0.000000e+00   0.000000e+00   5.084354e-28   6.384973e-29   6.384973e-29
  2.239000e+16   0.000000e+00   0.000000e+00   3.842796e-28   7.722666e-29   7.722666e-29
  2.239000e+16   0.000000e+00   0.000000e+00   2.654017e-28   3.984507e-29   3.984507e-29
  2.239000e+16   0.000000e+00   0.000000e+00   4.084070e-28   2.959250e-29   3.353771e-29
  2.240000e+16   0.000000e+00   0.000000e+00   3.502247e-28   1.080708e-29   1.080708e-29
  2.371000e+16   0.000000e+00   0.000000e+00   2.896548e-28   5.063107e-29   5.863107e-29
  2.661000e+16   0.000000e+00   0.000000e+00   2.047062e-28   3.201056e-29   4.331479e-29
  2.818000e+16   0.000000e+00   0.000000e+00   1.550690e-28   1.598873e-29   1.598873e-29
  2.818000e+16   0.000000e+00   0.000000e+00   2.344885e-28   2.894035e-29   2.894035e-29
  2.818000e+16   0.000000e+00   0.000000e+00   2.082248e-28   1.460580e-29   1.684295e-29
  2.818000e+16   0.000000e+00   0.000000e+00   1.945274e-28   4.064556e-29   4.064556e-29
  2.818000e+16   0.000000e+00   0.000000e+00   1.349628e-28   2.027207e-29   2.027207e-29
  2.820000e+16   0.000000e+00   0.000000e+00   1.854796e-28   7.037168e-30   7.037168e-30
  2.985000e+16   0.000000e+00   0.000000e+00   1.487858e-28   2.935665e-29   2.756468e-29
  3.350000e+16   0.000000e+00   0.000000e+00   1.028180e-28   1.460260e-29   2.523408e-29
  3.548000e+16   0.000000e+00   0.000000e+00   1.107097e-28   1.750495e-29   1.750495e-29
  3.548000e+16   0.000000e+00   0.000000e+00   9.471274e-29   2.214238e-29   2.214238e-29
  3.548000e+16   0.000000e+00   0.000000e+00   1.080708e-28   7.563738e-30   8.673994e-30
  3.548000e+16   0.000000e+00   0.000000e+00   7.995982e-29   8.169558e-30   8.169558e-30
  3.548000e+16   0.000000e+00   0.000000e+00   6.819769e-29   1.025223e-29   1.025223e-29
  3.550000e+16   0.000000e+00   0.000000e+00   8.188247e-29   4.159469e-30   4.159469e-30
  3.758000e+16   0.000000e+00   0.000000e+00   7.454371e-29   1.739610e-29   1.229654e-29
  4.217000e+16   0.000000e+00   0.000000e+00   5.452548e-29   8.519759e-30   1.656687e-29
  4.467000e+16   0.000000e+00   0.000000e+00   5.527946e-29   4.783039e-30   5.448325e-30
  4.467000e+16   0.000000e+00   0.000000e+00   4.095380e-29   4.211717e-30   4.211717e-30
  4.467000e+16   0.000000e+00   0.000000e+00   3.431876e-29   5.164608e-30   5.164608e-30
  4.467000e+16   0.000000e+00   0.000000e+00   4.893345e-29   9.827529e-30   9.827529e-30
  4.467000e+16   0.000000e+00   0.000000e+00   4.585469e-29   8.307628e-30   8.307628e-30
  4.470000e+16   0.000000e+00   0.000000e+00   3.817663e-29   2.538407e-30   2.538407e-30
  4.732000e+16   0.000000e+00   0.000000e+00   3.885522e-29   6.744448e-30   7.180477e-30
  5.309000e+16   0.000000e+00   0.000000e+00   2.826177e-29   6.218044e-30   5.916621e-30
  5.620000e+16   0.000000e+00   0.000000e+00   2.322265e-29   1.759292e-30   1.759292e-30
  5.623000e+16   0.000000e+00   0.000000e+00   2.757062e-29   1.771987e-30   2.781354e-30
  5.623000e+16   0.000000e+00   0.000000e+00   2.875186e-29   5.594548e-30   5.594548e-30
  5.623000e+16   0.000000e+00   0.000000e+00   1.946531e-29   2.024917e-30   2.024917e-30
  5.623000e+16   0.000000e+00   0.000000e+00   1.724106e-29   2.599987e-30   2.599987e-30
  5.623000e+16   0.000000e+00   0.000000e+00   2.479345e-29   5.631809e-30   5.631809e-30
  5.957000e+16   0.000000e+00   0.000000e+00   1.938991e-29   3.407155e-30   5.458232e-30
  6.683000e+16   0.000000e+00   0.000000e+00   1.396124e-29   2.323537e-30   2.961477e-30
  7.079000e+16   0.000000e+00   0.000000e+00   1.042003e-29   1.094883e-30   1.094883e-30
  7.079000e+16   0.000000e+00   0.000000e+00   1.168044e-29   3.411770e-30   3.411770e-30
  7.079000e+16   0.000000e+00   0.000000e+00   1.422513e-29   1.264101e-30   1.115128e-30
  7.079000e+16   0.000000e+00   0.000000e+00   9.282778e-30   1.403330e-30   1.403330e-30
  7.079000e+16   0.000000e+00   0.000000e+00   1.314442e-29   2.738690e-30   2.738690e-30
  7.080000e+16   0.000000e+00   0.000000e+00   1.048664e-29   1.055575e-30   1.055575e-30
  7.499000e+16   0.000000e+00   0.000000e+00   1.011718e-29   2.212562e-30   2.010603e-30
  8.414000e+16   0.000000e+00   0.000000e+00   6.896424e-30   9.739369e-31   1.921604e-30
  8.910000e+16   0.000000e+00   0.000000e+00   5.134619e-30   6.584778e-31   6.584778e-31
  8.913000e+16   0.000000e+00   0.000000e+00   6.951716e-30   6.297553e-31   7.401463e-31
  8.913000e+16   0.000000e+00   0.000000e+00   5.199964e-30   5.564337e-31   5.564337e-31
  8.913000e+16   0.000000e+00   0.000000e+00   4.599292e-30   6.984633e-31   6.984633e-31
  8.913000e+16   0.000000e+00   0.000000e+00   7.302318e-30   2.598725e-30   2.598725e-30
  8.913000e+16   0.000000e+00   0.000000e+00   6.291982e-30   1.553943e-30   1.553943e-30
  9.441000e+16   0.000000e+00   0.000000e+00   5.220070e-30   1.036699e-30   8.527542e-31
  1.059000e+17   0.000000e+00   0.000000e+00   3.604035e-30   5.235090e-31   8.877233e-31
  1.120000e+17   0.000000e+00   0.000000e+00   3.312495e-30   4.712389e-31   4.712389e-31
  1.122000e+17   0.000000e+00   0.000000e+00   2.623858e-30   2.884863e-31   2.884863e-31
  1.122000e+17   0.000000e+00   0.000000e+00   3.146619e-30   8.606753e-31   8.606753e-31
  1.122000e+17   0.000000e+00   0.000000e+00   2.290849e-30   3.505708e-31   3.505708e-31
  1.189000e+17   0.000000e+00   0.000000e+00   2.622602e-30   3.932698e-31   4.414547e-31
  1.259000e+17   0.000000e+00   0.000000e+00   2.591186e-30   1.959553e-31   2.647578e-31
  1.334000e+17   0.000000e+00   0.000000e+00   1.849770e-30   2.454310e-31   3.229961e-31
  1.410000e+17   0.000000e+00   0.000000e+00   1.401150e-30   2.731929e-31   2.731929e-31
  1.413000e+17   0.000000e+00   0.000000e+00   1.384814e-30   1.564146e-31   1.564146e-31
  1.413000e+17   0.000000e+00   0.000000e+00   1.179228e-30   1.823708e-31   1.823708e-31
  1.413000e+17   0.000000e+00   0.000000e+00   1.564513e-30   4.275614e-31   4.275614e-31
  1.496000e+17   0.000000e+00   0.000000e+00   1.284283e-30   2.609704e-31   1.940422e-31
  1.679000e+17   0.000000e+00   0.000000e+00   7.840159e-31   7.506770e-32   1.982873e-31
  1.778000e+17   0.000000e+00   0.000000e+00   5.735292e-31   9.030869e-32   9.030869e-32
  1.778000e+17   0.000000e+00   0.000000e+00   7.293522e-31   8.249217e-32   8.249217e-32
  1.778000e+17   0.000000e+00   0.000000e+00   7.787380e-31   2.054310e-31   2.054310e-31
  1.780000e+17   0.000000e+00   0.000000e+00   6.185168e-31   1.617292e-31   1.617292e-31
  1.884000e+17   0.000000e+00   0.000000e+00   5.455061e-31   5.079100e-32   5.843392e-32
  1.995000e+17   0.000000e+00   0.000000e+00   5.804407e-31   5.850665e-32   7.265010e-32
  2.113000e+17   0.000000e+00   0.000000e+00   3.881752e-31   3.887626e-32   3.887626e-32
  2.239000e+17   0.000000e+00   0.000000e+00   3.678177e-31   8.949665e-32   8.949665e-32
  2.239000e+17   0.000000e+00   0.000000e+00   2.726902e-31   4.426001e-32   4.426001e-32
  2.239000e+17   0.000000e+00   0.000000e+00   3.259717e-31   3.691118e-32   3.691118e-32
  2.371000e+17   0.000000e+00   0.000000e+00   2.948071e-31   3.808791e-32   3.808791e-32
  2.661000e+17   0.000000e+00   0.000000e+00   2.037009e-31   3.061295e-32   2.966697e-32
  2.818000e+17   0.000000e+00   0.000000e+00   1.984230e-31   1.352873e-32   1.352873e-32
  2.818000e+17   0.000000e+00   0.000000e+00   1.633628e-31   1.786090e-32   1.786090e-32
  2.818000e+17   0.000000e+00   0.000000e+00   1.360938e-31   2.302141e-32   2.302141e-32
  2.985000e+17   0.000000e+00   0.000000e+00   1.379787e-31   2.163903e-32   2.395074e-32
  3.162000e+17   0.000000e+00   0.000000e+00   1.252364e-31   1.530807e-32   2.056659e-32
  3.350000e+17   0.000000e+00   0.000000e+00   9.204866e-32   9.140635e-33   1.685457e-32
  3.548000e+17   0.000000e+00   0.000000e+00   7.118849e-32   3.825203e-34   3.825203e-34
  3.548000e+17   0.000000e+00   0.000000e+00   7.817539e-32   8.318281e-33   8.318281e-33
  3.548000e+17   0.000000e+00   0.000000e+00   7.120106e-32   1.269049e-32   1.269049e-32
  3.758000e+17   0.000000e+00   0.000000e+00   6.694106e-32   9.774265e-33   7.139093e-33
  3.981000e+17   0.000000e+00   0.000000e+00   6.509380e-32   2.102462e-32   2.102462e-32
  4.467000e+17   0.000000e+00   0.000000e+00   3.567593e-32   1.070255e-32   1.228187e-32
  4.467000e+17   0.000000e+00   0.000000e+00   3.347681e-32   2.341115e-34   2.341115e-34
  4.467000e+17   0.000000e+00   0.000000e+00   3.826460e-32   3.982805e-33   3.982805e-33
  5.012000e+17   0.000000e+00   0.000000e+00   2.811097e-32   3.508499e-33   4.074266e-33
  5.012000e+17   0.000000e+00   0.000000e+00   2.520814e-32   4.492189e-33   4.492189e-33
  5.623000e+17   0.000000e+00   0.000000e+00   1.555717e-32   1.421257e-34   1.421257e-34
  5.623000e+17   0.000000e+00   0.000000e+00   1.800761e-32   3.749707e-33   4.393617e-33
  5.623000e+17   0.000000e+00   0.000000e+00   1.751752e-32   1.806983e-33   1.806983e-33
  6.310000e+17   0.000000e+00   0.000000e+00   1.437593e-32   4.128545e-33   4.128545e-33
  7.079000e+17   0.000000e+00   0.000000e+00   8.846725e-33   2.124899e-33   1.653040e-33
  7.079000e+17   0.000000e+00   0.000000e+00   7.313628e-33   8.697185e-35   8.697185e-35
  7.079000e+17   0.000000e+00   0.000000e+00   8.442088e-33   8.666424e-34   8.666424e-34
  7.943000e+17   0.000000e+00   0.000000e+00   6.638814e-33   1.511863e-33   1.764379e-33
  7.943000e+17   0.000000e+00   0.000000e+00   6.332194e-33   1.354415e-33   1.354415e-33
  8.913000e+17   0.000000e+00   0.000000e+00   3.993593e-33   4.101429e-34   4.101429e-34
  8.913000e+17   0.000000e+00   0.000000e+00   4.491221e-33   1.198158e-33   1.286767e-33
  8.913000e+17   0.000000e+00   0.000000e+00   3.397947e-33   5.301752e-35   5.301752e-35
  1.000000e+18   0.000000e+00   0.000000e+00   2.842513e-33   1.374933e-33   1.374933e-33
  1.122000e+18   0.000000e+00   0.000000e+00   1.511734e-33   2.665327e-35   2.665327e-35
  1.122000e+18   0.000000e+00   0.000000e+00   1.932708e-33   2.012541e-34   2.012541e-34
  1.122000e+18   0.000000e+00   0.000000e+00   2.053345e-33   5.935459e-34   7.478945e-34
  1.259000e+18   0.000000e+00   0.000000e+00   1.207880e-33   3.808858e-34   3.808858e-34
  1.413000e+18   0.000000e+00   0.000000e+00   8.682105e-34   9.233442e-35   9.233442e-35
  1.413000e+18   0.000000e+00   0.000000e+00   8.899504e-34   1.605389e-34   3.634778e-34
  1.413000e+18   0.000000e+00   0.000000e+00   7.107539e-34   1.450159e-35   1.450159e-35
  1.585000e+18   0.000000e+00   0.000000e+00   6.209044e-34   2.926971e-34   2.926971e-34
  1.778000e+18   0.000000e+00   0.000000e+00   3.555026e-34   8.126672e-36   8.126672e-36
  1.778000e+18   0.000000e+00   0.000000e+00   4.628194e-34   2.436285e-34   1.926585e-34
  1.778000e+18   0.000000e+00   0.000000e+00   4.400743e-34   4.472503e-35   4.472503e-35
  2.239000e+18   0.000000e+00   0.000000e+00   1.543150e-34   4.041345e-36   4.041345e-36
  2.239000e+18   0.000000e+00   0.000000e+00   2.048318e-34   2.076045e-35   2.076045e-35
  2.512000e+18   0.000000e+00   0.000000e+00   1.741699e-34   9.560729e-35   9.560729e-35
  2.818000e+18   0.000000e+00   0.000000e+00   7.802460e-35   2.906602e-37   2.906602e-37
  2.818000e+18   0.000000e+00   0.000000e+00   9.603220e-35   9.734106e-36   9.732468e-36
  3.548000e+18   0.000000e+00   0.000000e+00   3.577646e-35   1.742956e-37   1.742956e-37
  3.548000e+18   0.000000e+00   0.000000e+00   4.484938e-35   4.558284e-36   4.558284e-36
  4.467000e+18   0.000000e+00   0.000000e+00   1.701487e-35   9.565521e-38   9.565521e-38
  4.467000e+18   0.000000e+00   0.000000e+00   2.182779e-35   2.226451e-36   2.224394e-36
  5.623000e+18   0.000000e+00   0.000000e+00   8.536336e-36   6.055734e-38   6.055734e-38
  5.623000e+18   0.000000e+00   0.000000e+00   1.055198e-35   1.084021e-36   1.084021e-36
  7.079000e+18   0.000000e+00   0.000000e+00   5.874778e-36   6.070573e-37   6.070573e-37
  7.079000e+18   0.000000e+00   0.000000e+00   4.738778e-36   4.065221e-38   4.065221e-38
  8.913000e+18   0.000000e+00   0.000000e+00   3.166725e-36   3.308806e-37   3.308806e-37
  8.913000e+18   0.000000e+00   0.000000e+00   2.650248e-36   2.721876e-38   2.721876e-38
  1.122000e+19   0.000000e+00   0.000000e+00   1.771858e-36   1.890564e-37   1.890564e-37
  1.122000e+19   0.000000e+00   0.000000e+00   1.467752e-36   1.814584e-38   1.814584e-38
  1.413000e+19   0.000000e+00   0.000000e+00   9.438601e-37   1.037568e-37   1.037568e-37
  1.413000e+19   0.000000e+00   0.000000e+00   7.926867e-37   1.183249e-38   1.183249e-38
  1.778000e+19   0.000000e+00   0.000000e+00   5.164778e-37   5.832847e-38   5.828182e-38
  1.778000e+19   0.000000e+00   0.000000e+00   3.943327e-37   7.420442e-39   7.420442e-39
  2.239000e+19   0.000000e+00   0.000000e+00   2.759575e-37   3.261235e-38   3.267276e-38
  2.239000e+19   0.000000e+00   0.000000e+00   2.059628e-37   4.760141e-39   4.760141e-39
  2.818000e+19   0.000000e+00   0.000000e+00   1.387327e-37   1.768433e-38   1.774842e-38
  2.818000e+19   0.000000e+00   0.000000e+00   9.764070e-38   2.925451e-39   2.925451e-39
  3.548000e+19   0.000000e+00   0.000000e+00   7.249539e-38   1.012437e-38   1.012437e-38
  3.548000e+19   0.000000e+00   0.000000e+00   5.029062e-38   1.877416e-39   1.877416e-39
  4.467000e+19   0.000000e+00   0.000000e+00   2.137540e-38   1.114009e-39   1.114009e-39
  4.467000e+19   0.000000e+00   0.000000e+00   3.379097e-38   5.560376e-39   5.560376e-39
  5.623000e+19   0.000000e+00   0.000000e+00   2.354938e-38   4.079656e-39   4.070426e-39
  5.623000e+19   0.000000e+00   0.000000e+00   7.373946e-39   5.587008e-40   5.587008e-40
  7.079000e+19   0.000000e+00   0.000000e+00   1.016117e-38   2.080810e-39   2.080810e-39
  7.079000e+19   0.000000e+00   0.000000e+00   2.645221e-39   3.034779e-40   3.034779e-40
  8.913000e+19   0.000000e+00   0.000000e+00   1.903805e-39   6.719379e-40   9.557254e-40
  8.913000e+19   0.000000e+00   0.000000e+00   6.274389e-40   1.494141e-40   1.494141e-40
  1.122000e+20   0.000000e+00   0.000000e+00   2.044548e-39   6.849298e-40   8.123035e-40
  1.122000e+20   0.000000e+00   0.000000e+00   2.610035e-40   7.851468e-41   7.851468e-41
  1.413000e+20   0.000000e+00   0.000000e+00   8.594141e-41   3.593982e-41   6.023061e-41
  1.413000e+20   0.000000e+00   0.000000e+00   2.029469e-40   1.252827e-40   3.422818e-40
  1.778000e+20   0.000000e+00   0.000000e+00   3.129026e-40   1.972760e-40   3.486159e-40
  2.239000e+20   0.000000e+00   0.000000e+00   1.585876e-40   0.000000e+00   0.000000e+00
