# Cosmic-ray leptons spectrum, converted from the KISS tables
# Contributing measurements: AMS-02, CALET, DAMPE, FERMI, VERITAS
# E [eV] - dE_lo - dE_up - Phi [eV^-1 cm^-2 s^-1] - dPhi_lo - dPhi_up
  5.679892e+08   0.000000e+00   0.000000e+00   2.444160e-11   1.545869e-12   1.545869e-12
  7.278892e+08   0.000000e+00   0.000000e+00   2.410230e-11   1.075508e-12   1.075508e-12
  9.078891e+08   0.000000e+00   0.000000e+00   2.310956e-11   7.577429e-13   7.577429e-13
  1.107489e+09   0.000000e+00   0.000000e+00   2.151363e-11   5.301758e-13   5.301758e-13
  1.332489e+09   0.000000e+00   0.000000e+00   1.898779e-11   3.663695e-13   3.663695e-13
  1.582489e+09   0.000000e+00   0.000000e+00   1.629858e-11   2.525809e-13   2.525809e-13
  1.852489e+09   0.000000e+00   0.000000e+00   1.389841e-11   1.889140e-13   1.889140e-13
  2.147489e+09   0.000000e+00   0.000000e+00   1.133361e-11   1.399445e-13   1.399445e-13
  2.471489e+09   0.000000e+00   0.000000e+00   9.273982e-12   1.071757e-13   1.071757e-13
  2.817489e+09   0.000000e+00   0.000000e+00   7.394053e-12   8.317571e-14   8.317571e-14
  3.172489e+09   0.000000e+00   0.000000e+00   5.901168e-12   6.553817e-14   6.553817e-14
  3.538489e+09   0.000000e+00   0.000000e+00   4.738778e-12   5.291323e-14   5.291323e-14
  3.918489e+09   0.000000e+00   0.000000e+00   3.806354e-12   4.164003e-14   4.164003e-14
  4.322489e+09   0.000000e+00   0.000000e+00   3.029752e-12   3.402216e-14   3.402216e-14
  4.762489e+09   0.000000e+00   0.000000e+00   2.388867e-12   2.650879e-14   2.650879e-14
  5.236489e+09   0.000000e+00   0.000000e+00   1.869876e-12   2.139976e-14   2.139976e-14
  5.736489e+09   0.000000e+00   0.000000e+00   1.463982e-12   1.638454e-14   1.638454e-14
  6.261489e+09   0.000000e+00   0.000000e+00   1.158117e-12   1.336828e-14   1.336828e-14
  6.811489e+09   0.000000e+00   0.000000e+00   9.149574e-13   1.060352e-14   1.060352e-14
  7.386489e+09   0.000000e+00   0.000000e+00   7.231946e-13   8.465295e-15   8.465295e-15
  7.986489e+09   0.000000e+00   0.000000e+00   5.723982e-13   6.827600e-15   6.827600e-15
  8.616489e+09   0.000000e+00   0.000000e+00   4.535203e-13   5.439947e-15   5.439947e-15
  9.276489e+09   0.000000e+00   0.000000e+00   3.649274e-13   4.426860e-15   4.426860e-15
  9.961489e+09   0.000000e+00   0.000000e+00   2.932991e-13   3.538722e-15   3.538722e-15
  1.066949e+10   0.000000e+00   0.000000e+00   2.363734e-13   2.914748e-15   2.914748e-15
  1.123000e+10   0.000000e+00   0.000000e+00   2.009363e-13   1.068437e-14   1.143816e-14
  1.140949e+10   0.000000e+00   0.000000e+00   1.915115e-13   2.417190e-15   2.417190e-15
  1.218949e+10   0.000000e+00   0.000000e+00   1.556973e-13   1.901637e-15   1.901637e-15
  1.263000e+10   0.000000e+00   0.000000e+00   1.381044e-13   6.539344e-15   6.916072e-15
  1.298949e+10   0.000000e+00   0.000000e+00   1.271717e-13   1.652848e-15   1.652848e-15
  1.381949e+10   0.000000e+00   0.000000e+00   1.044642e-13   1.309860e-15   1.309860e-15
  1.418000e+10   0.000000e+00   0.000000e+00   9.519026e-14   4.690102e-15   4.702661e-15
  1.468949e+10   0.000000e+00   0.000000e+00   8.579061e-14   1.094934e-15   1.094934e-15
  1.558949e+10   0.000000e+00   0.000000e+00   7.072353e-14   9.048659e-16   9.048659e-16
  1.592000e+10   0.000000e+00   0.000000e+00   6.491787e-14   3.257115e-15   3.118992e-15
  1.651949e+10   0.000000e+00   0.000000e+00   5.830796e-14   7.541916e-16   7.541916e-16
  1.747949e+10   0.000000e+00   0.000000e+00   4.873239e-14   6.260525e-16   6.260525e-16
  1.787000e+10   0.000000e+00   0.000000e+00   4.559079e-14   2.351557e-15   2.213430e-15
  1.847949e+10   0.000000e+00   0.000000e+00   4.079044e-14   5.372766e-16   5.372766e-16
  1.950949e+10   0.000000e+00   0.000000e+00   3.431876e-14   4.485332e-16   4.485332e-16
  2.002000e+10   0.000000e+00   0.000000e+00   3.171752e-14   1.660474e-15   1.547501e-15
  2.057949e+10   0.000000e+00   0.000000e+00   2.868902e-14   3.844570e-16   3.844570e-16
  2.167949e+10   0.000000e+00   0.000000e+00   2.406460e-14   3.230804e-16   3.230804e-16
  2.246000e+10   0.000000e+00   0.000000e+00   2.143823e-14   1.132090e-15   1.056771e-15
  2.282949e+10   0.000000e+00   0.000000e+00   2.035752e-14   2.712707e-16   2.712707e-16
  2.400949e+10   0.000000e+00   0.000000e+00   1.727876e-14   2.317124e-16   2.317124e-16
  2.521000e+10   0.000000e+00   0.000000e+00   1.479062e-14   7.800265e-16   7.423737e-16
  2.524949e+10   0.000000e+00   0.000000e+00   1.470265e-14   1.950825e-16   1.950825e-16
  2.567000e+10   0.000000e+00   0.000000e+00   1.457699e-14   3.769911e-16   3.769911e-16
  2.655949e+10   0.000000e+00   0.000000e+00   1.239044e-14   1.691799e-16   1.691799e-16
  2.794949e+10   0.000000e+00   0.000000e+00   1.053062e-14   1.448244e-16   1.448244e-16
  2.830000e+10   0.000000e+00   0.000000e+00   1.014860e-14   5.307830e-16   5.132066e-16
  2.942949e+10   0.000000e+00   0.000000e+00   8.902017e-15   1.232530e-16   1.232530e-16
  2.946000e+10   0.000000e+00   0.000000e+00   9.273982e-15   2.400802e-16   2.400802e-16
  3.099949e+10   0.000000e+00   0.000000e+00   7.426725e-15   1.041266e-16   1.041266e-16
  3.180000e+10   0.000000e+00   0.000000e+00   6.827309e-15   3.171609e-16   3.096329e-16
  3.265949e+10   0.000000e+00   0.000000e+00   6.318371e-15   8.861742e-17   8.861742e-17
  3.384000e+10   0.000000e+00   0.000000e+00   5.981592e-15   1.652848e-16   1.652848e-16
  3.442949e+10   0.000000e+00   0.000000e+00   5.318088e-15   7.590962e-17   7.590962e-17
  3.569000e+10   0.000000e+00   0.000000e+00   4.708619e-15   2.178372e-16   2.165831e-16
  3.631949e+10   0.000000e+00   0.000000e+00   4.478654e-15   6.398985e-17   6.398985e-17
  3.832949e+10   0.000000e+00   0.000000e+00   3.790017e-15   5.486196e-17   5.486196e-17
  3.888000e+10   0.000000e+00   0.000000e+00   3.870442e-15   1.013133e-16   1.013133e-16
  4.003000e+10   0.000000e+00   0.000000e+00   3.292389e-15   1.537263e-16   1.524731e-16
  4.047949e+10   0.000000e+00   0.000000e+00   3.167982e-15   4.620598e-17   4.620598e-17
  4.277949e+10   0.000000e+00   0.000000e+00   2.645221e-15   3.943919e-17   3.943919e-17
  4.466000e+10   0.000000e+00   0.000000e+00   2.513274e-15   6.407617e-17   6.407617e-17
  4.488000e+10   0.000000e+00   0.000000e+00   2.288336e-15   1.071757e-16   1.071757e-16
  4.525949e+10   0.000000e+00   0.000000e+00   2.222991e-15   3.317617e-17   3.317617e-17
  4.528000e+10   0.000000e+00   0.000000e+00   2.235557e-15   3.949776e-17   3.949776e-17
  4.791949e+10   0.000000e+00   0.000000e+00   1.873646e-15   2.756020e-17   2.756020e-17
  5.032000e+10   0.000000e+00   0.000000e+00   1.593416e-15   7.565957e-17   7.440735e-17
  5.079949e+10   0.000000e+00   0.000000e+00   1.528071e-15   2.361007e-17   2.361007e-17
  5.129000e+10   0.000000e+00   0.000000e+00   1.608495e-15   3.973835e-17   3.973835e-17
  5.228000e+10   0.000000e+00   0.000000e+00   1.428796e-15   2.295321e-17   2.295321e-17
  5.391949e+10   0.000000e+00   0.000000e+00   1.266690e-15   1.966948e-17   1.966948e-17
  5.650000e+10   0.000000e+00   0.000000e+00   1.103076e-15   5.404241e-17   5.079177e-17
  5.731949e+10   0.000000e+00   0.000000e+00   1.046025e-15   1.625780e-17   1.625780e-17
  5.886000e+10   0.000000e+00   0.000000e+00   1.045522e-15   2.686383e-17   2.686383e-17
  6.038000e+10   0.000000e+00   0.000000e+00   9.326760e-16   2.891872e-17   2.891872e-17
  6.102949e+10   0.000000e+00   0.000000e+00   8.484813e-16   1.340544e-17   1.340544e-17
  6.345000e+10   0.000000e+00   0.000000e+00   7.693132e-16   3.892594e-17   3.493022e-17
  6.510949e+10   0.000000e+00   0.000000e+00   6.963026e-16   1.122916e-17   1.122916e-17
  6.754000e+10   0.000000e+00   0.000000e+00   6.810973e-16   1.676563e-17   1.676563e-17
  6.961949e+10   0.000000e+00   0.000000e+00   5.685026e-16   9.271904e-18   9.271904e-18
  6.972000e+10   0.000000e+00   0.000000e+00   5.849646e-16   1.328568e-17   1.328568e-17
  7.118000e+10   0.000000e+00   0.000000e+00   5.294212e-16   2.783841e-17   2.372516e-17
  7.464949e+10   0.000000e+00   0.000000e+00   4.570389e-16   7.598239e-18   7.598239e-18
  7.755000e+10   0.000000e+00   0.000000e+00   4.448495e-16   1.158562e-17   1.158562e-17
  7.987000e+10   0.000000e+00   0.000000e+00   3.710849e-16   2.027863e-17   1.642401e-17
  8.028949e+10   0.000000e+00   0.000000e+00   3.622885e-16   6.208601e-18   6.208601e-18
  8.051000e+10   0.000000e+00   0.000000e+00   3.742265e-16   8.266866e-18   8.266866e-18
  8.668949e+10   0.000000e+00   0.000000e+00   2.856336e-16   4.926594e-18   4.926594e-18
  8.907000e+10   0.000000e+00   0.000000e+00   2.902832e-16   7.643825e-18   7.643825e-18
  8.960000e+10   0.000000e+00   0.000000e+00   2.547203e-16   1.446607e-17   1.111609e-17
  9.298000e+10   0.000000e+00   0.000000e+00   2.421540e-16   6.085806e-18   6.085806e-18
  9.401949e+10   0.000000e+00   0.000000e+00   2.217964e-16   3.925860e-18   3.925860e-18
  1.005000e+11   0.000000e+00   0.000000e+00   1.822124e-16   1.013133e-17   7.643825e-18
  1.023000e+11   0.000000e+00   0.000000e+00   1.910088e-16   5.181247e-18   5.181247e-18
  1.025995e+11   0.000000e+00   0.000000e+00   1.695203e-16   3.121422e-18   3.121422e-18
  1.074000e+11   0.000000e+00   0.000000e+00   1.553203e-16   3.983634e-18   3.983634e-18
  1.126995e+11   0.000000e+00   0.000000e+00   1.238164e-16   2.322060e-18   2.322060e-18
  1.127000e+11   0.000000e+00   0.000000e+00   1.246584e-16   7.643825e-18   5.425413e-18
  1.174000e+11   0.000000e+00   0.000000e+00   1.256637e-16   2.809926e-18   2.809926e-18
  1.240000e+11   0.000000e+00   0.000000e+00   1.012724e-16   3.014738e-18   3.014738e-18
  1.249995e+11   0.000000e+00   0.000000e+00   9.044017e-17   1.741973e-18   1.741973e-18
  1.265000e+11   0.000000e+00   0.000000e+00   8.708495e-17   5.619852e-18   3.780369e-18
  1.348000e+11   0.000000e+00   0.000000e+00   8.155575e-17   2.147342e-18   2.147342e-18
  1.400995e+11   0.000000e+00   0.000000e+00   6.559645e-17   1.315213e-18   1.315213e-18
  1.420000e+11   0.000000e+00   0.000000e+00   6.157522e-17   4.091314e-18   2.623935e-18
  1.432000e+11   0.000000e+00   0.000000e+00   6.587291e-17   2.326689e-18   2.326689e-18
  1.548000e+11   0.000000e+00   0.000000e+00   5.202477e-17   1.353440e-18   1.353440e-18
  1.588995e+11   0.000000e+00   0.000000e+00   4.388177e-17   9.340626e-19   9.340626e-19
  1.593000e+11   0.000000e+00   0.000000e+00   4.310265e-17   2.957772e-18   1.868125e-18
  1.653000e+11   0.000000e+00   0.000000e+00   4.183345e-17   1.537973e-18   1.537973e-18
  1.777000e+11   0.000000e+00   0.000000e+00   3.493451e-17   9.570263e-19   9.570263e-19
  1.787000e+11   0.000000e+00   0.000000e+00   3.066194e-17   2.072499e-18   1.353440e-18
  1.830995e+11   0.000000e+00   0.000000e+00   2.721876e-17   6.107308e-19   6.107308e-19
  1.909000e+11   0.000000e+00   0.000000e+00   2.708053e-17   8.896053e-19   8.896053e-19
  2.005000e+11   0.000000e+00   0.000000e+00   2.086018e-17   1.432787e-18   9.570263e-19
  2.041000e+11   0.000000e+00   0.000000e+00   2.274513e-17   7.327390e-19   7.327390e-19
  2.162995e+11   0.000000e+00   0.000000e+00   1.619805e-17   4.279952e-19   4.279952e-19
  2.205000e+11   0.000000e+00   0.000000e+00   1.756779e-17   6.732127e-19   6.732127e-19
  2.250000e+11   0.000000e+00   0.000000e+00   1.470265e-17   1.036249e-18   6.767198e-19
  2.343000e+11   0.000000e+00   0.000000e+00   1.507964e-17   4.530869e-19   4.530869e-19
  2.524000e+11   0.000000e+00   0.000000e+00   1.010336e-17   6.721540e-19   4.894436e-19
  2.546000e+11   0.000000e+00   0.000000e+00   1.105715e-17   4.760346e-19   4.760346e-19
  2.617995e+11   0.000000e+00   0.000000e+00   9.154601e-18   2.559347e-19   2.559347e-19
  2.689000e+11   0.000000e+00   0.000000e+00   9.537875e-18   2.965770e-19   2.965770e-19
  2.832000e+11   0.000000e+00   0.000000e+00   7.037168e-18   4.555201e-19   3.556527e-19
  2.940000e+11   0.000000e+00   0.000000e+00   7.383999e-18   3.534263e-19   3.534263e-19
  3.088000e+11   0.000000e+00   0.000000e+00   6.044424e-18   2.045657e-19   2.045657e-19
  3.178000e+11   0.000000e+00   0.000000e+00   4.888318e-18   3.149123e-19   2.614892e-19
  3.267995e+11   0.000000e+00   0.000000e+00   4.655840e-18   1.558433e-19   1.558433e-19
  3.349000e+11   0.000000e+00   0.000000e+00   3.945840e-18   1.307676e-18   2.528835e-18
  3.395000e+11   0.000000e+00   0.000000e+00   4.652070e-18   2.225414e-19   2.225414e-19
  3.545000e+11   0.000000e+00   0.000000e+00   4.084070e-18   1.421723e-19   1.421723e-19
  3.566000e+11   0.000000e+00   0.000000e+00   3.405486e-18   2.091461e-19   1.884956e-19
  3.759000e+11   0.000000e+00   0.000000e+00   2.643964e-18   8.789499e-19   1.696032e-18
  3.921000e+11   0.000000e+00   0.000000e+00   2.927964e-18   1.680055e-19   1.680055e-19
  4.001000e+11   0.000000e+00   0.000000e+00   2.287079e-18   1.432787e-19   1.335824e-19
  4.071000e+11   0.000000e+00   0.000000e+00   2.664071e-18   9.814649e-20   9.814649e-20
  4.218000e+11   0.000000e+00   0.000000e+00   1.873646e-18   6.223734e-19   1.201206e-18
  4.284995e+11   0.000000e+00   0.000000e+00   1.933964e-18   7.912823e-20   7.912823e-20
  4.489000e+11   0.000000e+00   0.000000e+00   1.621062e-18   1.066292e-19   9.814649e-20
  4.528000e+11   0.000000e+00   0.000000e+00   1.954071e-18   1.192138e-19   1.192138e-19
  4.674000e+11   0.000000e+00   0.000000e+00   1.658761e-18   7.327390e-20   7.327390e-20
  4.732000e+11   0.000000e+00   0.000000e+00   1.226603e-18   4.091001e-19   7.872663e-19
  5.228000e+11   0.000000e+00   0.000000e+00   1.209136e-18   8.896204e-20   8.896204e-20
  5.306000e+11   0.000000e+00   0.000000e+00   9.007574e-19   2.997697e-19   5.778767e-19
  5.335000e+11   0.000000e+00   0.000000e+00   9.374512e-19   6.407617e-20   4.879896e-20
  5.366000e+11   0.000000e+00   0.000000e+00   1.066885e-18   5.021834e-20   5.021834e-20
  5.887995e+11   0.000000e+00   0.000000e+00   7.019575e-19   4.137085e-20   4.137085e-20
  5.955000e+11   0.000000e+00   0.000000e+00   5.629734e-19   1.883965e-19   3.616592e-19
  6.038000e+11   0.000000e+00   0.000000e+00   7.739628e-19   5.813925e-20   5.813925e-20
  6.161000e+11   0.000000e+00   0.000000e+00   7.703185e-19   3.881361e-20   3.881361e-20
  6.684000e+11   0.000000e+00   0.000000e+00   4.428389e-19   1.471603e-19   2.838957e-19
  6.716000e+11   0.000000e+00   0.000000e+00   4.423362e-19   3.933896e-20   3.383599e-20
  6.972000e+11   0.000000e+00   0.000000e+00   5.167292e-19   4.268334e-20   4.268334e-20
  7.074000e+11   0.000000e+00   0.000000e+00   4.926017e-19   2.809926e-20   2.809926e-20
  7.498000e+11   0.000000e+00   0.000000e+00   2.931734e-19   9.785550e-20   1.881892e-19
  8.051000e+11   0.000000e+00   0.000000e+00   3.356478e-19   2.904029e-20   2.904029e-20
  8.122000e+11   0.000000e+00   0.000000e+00   2.990796e-19   2.030159e-20   2.030159e-20
  8.322995e+11   0.000000e+00   0.000000e+00   2.358708e-19   2.379826e-20   2.379826e-20
  8.411000e+11   0.000000e+00   0.000000e+00   1.729133e-19   5.777397e-20   1.110273e-19
  8.455000e+11   0.000000e+00   0.000000e+00   2.048318e-19   2.026266e-20   2.247941e-20
  9.298000e+11   0.000000e+00   0.000000e+00   2.045805e-19   2.005702e-20   2.005702e-20
  9.325000e+11   0.000000e+00   0.000000e+00   1.910088e-19   1.470856e-20   1.470856e-20
  9.999000e+11   0.000000e+00   0.000000e+00   8.004778e-20   2.706676e-20   5.157240e-20
  1.064000e+12   0.000000e+00   0.000000e+00   8.444601e-20   9.248029e-21   1.326868e-20
  1.071000e+12   0.000000e+00   0.000000e+00   1.167416e-19   1.084864e-20   1.084864e-20
  1.074000e+12   0.000000e+00   0.000000e+00   1.295593e-19   1.216588e-20   1.216588e-20
  1.177999e+12   0.000000e+00   0.000000e+00   6.014265e-20   1.081037e-20   1.081037e-20
  1.229000e+12   0.000000e+00   0.000000e+00   5.504070e-20   6.888618e-21   6.888618e-21
  1.240000e+12   0.000000e+00   0.000000e+00   7.934406e-20   7.997488e-21   7.997488e-21
  1.259000e+12   0.000000e+00   0.000000e+00   3.379097e-20   1.166385e-20   2.189536e-20
  1.411000e+12   0.000000e+00   0.000000e+00   6.270619e-20   6.994402e-21   6.994402e-21
  1.432000e+12   0.000000e+00   0.000000e+00   4.816690e-20   6.416545e-21   6.416545e-21
  1.504000e+12   0.000000e+00   0.000000e+00   1.998053e-20   2.671647e-21   4.160209e-21
  1.621000e+12   0.000000e+00   0.000000e+00   1.910088e-20   3.598461e-21   3.598461e-21
  1.653000e+12   0.000000e+00   0.000000e+00   3.230814e-20   4.996651e-21   4.996651e-21
  1.664999e+12   0.000000e+00   0.000000e+00   1.528071e-20   6.167643e-21   6.167643e-21
  1.679000e+12   0.000000e+00   0.000000e+00   1.083221e-20   3.814341e-21   7.059197e-21
  1.861000e+12   0.000000e+00   0.000000e+00   1.344602e-20   2.835102e-21   2.835102e-21
  1.909000e+12   0.000000e+00   0.000000e+00   2.033239e-20   2.922417e-21   2.922417e-21
  2.136000e+12   0.000000e+00   0.000000e+00   7.841415e-21   2.058009e-21   2.058009e-21
  2.371000e+12   0.000000e+00   0.000000e+00   2.806071e-21   1.000526e-21   1.835268e-21
  2.383000e+12   0.000000e+00   0.000000e+00   4.285132e-21   9.873202e-22   9.598273e-22
  2.453000e+12   0.000000e+00   0.000000e+00   4.825486e-21   1.530881e-21   1.530881e-21
  2.816000e+12   0.000000e+00   0.000000e+00   1.294336e-21   7.965533e-22   7.965533e-22
  3.233000e+12   0.000000e+00   0.000000e+00   1.197575e-21   7.141812e-22   7.141812e-22
  3.349000e+12   0.000000e+00   0.000000e+00   5.837079e-22   2.458884e-22   4.036405e-22
  3.712000e+12   0.000000e+00   0.000000e+00   1.139770e-21   6.506335e-22   6.506335e-22
  3.777000e+12   0.000000e+00   0.000000e+00   5.881061e-22   2.461373e-22   3.181303e-22
  4.262000e+12   0.000000e+00   0.000000e+00   7.728318e-22   5.107638e-22   5.107638e-22
  4.731000e+12   0.000000e+00   0.000000e+00   4.550283e-22   2.694139e-22   3.671637e-22
  5.986000e+12   0.000000e+00   0.000000e+00   2.450442e-22   1.468062e-22   1.645187e-22
