# Cosmic-ray protons spectrum, converted from the KISS tables
# Contributing measurements: AMS-02, BESS-TeV, CREAM, CALET, DAMPE, LHAASO, IceTop+IceCube, PAMELA
# E [eV] - dE_lo - dE_up - Phi [eV^-1 cm^-2 s^-1] - dPhi_lo - dPhi_up
  2.321000e+08   0.000000e+00   0.000000e+00   2.789734e-10   2.265435e-11   2.265435e-11
  2.710000e+08   0.000000e+00   0.000000e+00   3.204425e-10   2.226767e-11   2.226767e-11
  3.163000e+08   0.000000e+00   0.000000e+00   3.531150e-10   2.226767e-11   2.226767e-11
  3.687000e+08   0.000000e+00   0.000000e+00   3.820177e-10   2.106508e-11   2.106508e-11
  4.294000e+08   0.000000e+00   0.000000e+00   4.033805e-10   2.106508e-11   2.106508e-11
  4.439651e+08   0.000000e+00   0.000000e+00   1.986820e-09   6.853755e-11   6.853755e-11
  4.810868e+08   0.000000e+00   0.000000e+00   1.944396e-09   6.707407e-11   6.707407e-11
  4.893590e+08   0.000000e+00   0.000000e+00   1.375022e-09   2.085191e-11   2.085191e-11
  5.007000e+08   0.000000e+00   0.000000e+00   4.121770e-10   1.950825e-11   1.950825e-11
  5.189786e+08   0.000000e+00   0.000000e+00   1.916638e-09   6.577660e-11   6.577660e-11
  5.575820e+08   0.000000e+00   0.000000e+00   1.865224e-09   6.462125e-11   6.462125e-11
  5.839000e+08   0.000000e+00   0.000000e+00   4.410796e-10   1.829691e-11   1.829691e-11
  6.008038e+08   0.000000e+00   0.000000e+00   1.813577e-09   6.349101e-11   6.349101e-11
  6.175028e+08   0.000000e+00   0.000000e+00   1.258097e-09   1.654822e-11   1.654822e-11
  6.487864e+08   0.000000e+00   0.000000e+00   1.760643e-09   6.240150e-11   6.240150e-11
  6.810000e+08   0.000000e+00   0.000000e+00   4.423362e-10   1.709211e-11   1.709211e-11
  6.975624e+08   0.000000e+00   0.000000e+00   1.693610e-09   6.143935e-11   6.143935e-11
  7.470630e+08   0.000000e+00   0.000000e+00   1.624697e-09   6.058572e-11   6.058572e-11
  7.603775e+08   0.000000e+00   0.000000e+00   1.145833e-09   1.357063e-11   1.357063e-11
  7.941000e+08   0.000000e+00   0.000000e+00   4.347964e-10   1.589534e-11   1.589534e-11
  8.005926e+08   0.000000e+00   0.000000e+00   1.549287e-09   5.977736e-11   5.977736e-11
  8.607775e+08   0.000000e+00   0.000000e+00   1.471330e-09   5.893052e-11   5.893052e-11
  9.208620e+08   0.000000e+00   0.000000e+00   1.398843e-09   5.824266e-11   5.824266e-11
  9.217254e+08   0.000000e+00   0.000000e+00   1.026771e-09   1.164669e-11   1.164669e-11
  9.256000e+08   0.000000e+00   0.000000e+00   4.234867e-10   1.432787e-11   1.432787e-11
  9.851092e+08   0.000000e+00   0.000000e+00   1.322940e-09   5.759970e-11   5.759970e-11
  1.055327e+09   0.000000e+00   0.000000e+00   1.251903e-09   4.275079e-11   4.275079e-11
  1.081000e+09   0.000000e+00   0.000000e+00   4.121770e-10   1.432787e-11   1.432787e-11
  1.101354e+09   0.000000e+00   0.000000e+00   9.054954e-10   1.004948e-11   1.004948e-11
  1.130711e+09   0.000000e+00   0.000000e+00   1.173084e-09   4.232220e-11   4.232220e-11
  1.211312e+09   0.000000e+00   0.000000e+00   1.093628e-09   4.192472e-11   4.192472e-11
  1.261000e+09   0.000000e+00   0.000000e+00   3.832743e-10   1.311968e-11   1.311968e-11
  1.292631e+09   0.000000e+00   0.000000e+00   1.022201e-09   4.157598e-11   4.157598e-11
  1.298984e+09   0.000000e+00   0.000000e+00   7.851487e-10   8.583489e-12   8.583489e-12
  1.379165e+09   0.000000e+00   0.000000e+00   9.522642e-10   4.124806e-11   4.124806e-11
  1.465000e+09   0.000000e+00   0.000000e+00   3.606548e-10   1.192151e-11   1.192151e-11
  1.470943e+09   0.000000e+00   0.000000e+00   8.830119e-10   2.731476e-11   2.731476e-11
  1.518921e+09   0.000000e+00   0.000000e+00   6.707228e-10   7.343450e-12   7.343450e-12
  1.567986e+09   0.000000e+00   0.000000e+00   8.200243e-10   2.712544e-11   2.712544e-11
  1.670312e+09   0.000000e+00   0.000000e+00   7.562125e-10   2.695698e-11   2.695698e-11
  1.708000e+09   0.000000e+00   0.000000e+00   3.317522e-10   1.036249e-11   1.036249e-11
  1.761046e+09   0.000000e+00   0.000000e+00   5.693197e-10   6.166406e-12   6.166406e-12
  1.777930e+09   0.000000e+00   0.000000e+00   6.980554e-10   2.679773e-11   2.679773e-11
  1.890847e+09   0.000000e+00   0.000000e+00   6.408375e-10   2.665682e-11   2.665682e-11
  1.993000e+09   0.000000e+00   0.000000e+00   2.965663e-10   9.148456e-12   9.148456e-12
  2.009064e+09   0.000000e+00   0.000000e+00   5.930743e-10   2.652397e-11   2.652397e-11
  2.028979e+09   0.000000e+00   0.000000e+00   4.793739e-10   5.300068e-12   5.300068e-12
  2.132580e+09   0.000000e+00   0.000000e+00   5.457162e-10   2.640686e-11   2.640686e-11
  2.261390e+09   0.000000e+00   0.000000e+00   4.982970e-10   1.316063e-11   1.316063e-11
  2.321000e+09   0.000000e+00   0.000000e+00   2.576106e-10   7.947671e-12   7.947671e-12
  2.324546e+09   0.000000e+00   0.000000e+00   4.017518e-10   4.331775e-12   4.331775e-12
  2.400286e+09   0.000000e+00   0.000000e+00   4.554135e-10   1.311048e-11   1.311048e-11
  2.549311e+09   0.000000e+00   0.000000e+00   4.166039e-10   1.306371e-11   1.306371e-11
  2.646690e+09   0.000000e+00   0.000000e+00   3.347499e-10   3.645662e-12   3.645662e-12
  2.703666e+09   0.000000e+00   0.000000e+00   3.809277e-10   1.301578e-11   1.301578e-11
  2.710000e+09   0.000000e+00   0.000000e+00   2.161416e-10   6.407617e-12   6.407617e-12
  2.863334e+09   0.000000e+00   0.000000e+00   3.468815e-10   1.297790e-11   1.297790e-11
  2.999155e+09   0.000000e+00   0.000000e+00   2.775440e-10   2.975996e-12   2.975996e-12
  3.033155e+09   0.000000e+00   0.000000e+00   3.143885e-10   1.165072e-11   1.165072e-11
  3.163000e+09   0.000000e+00   0.000000e+00   1.796991e-10   5.181247e-12   5.181247e-12
  3.208278e+09   0.000000e+00   0.000000e+00   2.852408e-10   1.032804e-11   1.032804e-11
  3.383801e+09   0.000000e+00   0.000000e+00   2.290174e-10   2.445941e-12   2.445941e-12
  3.393563e+09   0.000000e+00   0.000000e+00   2.585973e-10   1.030479e-11   1.030479e-11
  3.589022e+09   0.000000e+00   0.000000e+00   2.353252e-10   8.999937e-12   8.999937e-12
  3.687000e+09   0.000000e+00   0.000000e+00   1.470265e-10   3.973835e-12   3.973835e-12
  3.803485e+09   0.000000e+00   0.000000e+00   1.878108e-10   2.051176e-12   2.051176e-12
  3.897624e+09   0.000000e+00   0.000000e+00   2.020104e-10   7.690145e-12   7.690145e-12
  4.265023e+09   0.000000e+00   0.000000e+00   1.529263e-10   1.660854e-12   1.660854e-12
  4.294000e+09   0.000000e+00   0.000000e+00   1.173699e-10   3.576452e-12   3.576452e-12
  4.348652e+09   0.000000e+00   0.000000e+00   1.635717e-10   6.389638e-12   6.389638e-12
  4.766418e+09   0.000000e+00   0.000000e+00   1.239462e-10   1.325191e-12   1.325191e-12
  4.841396e+09   0.000000e+00   0.000000e+00   1.323198e-10   5.095714e-12   5.095714e-12
  5.007000e+09   0.000000e+00   0.000000e+00   9.173451e-11   2.781685e-12   2.781685e-12
  5.309582e+09   0.000000e+00   0.000000e+00   1.001970e-10   1.067759e-12   1.067759e-12
  5.383742e+09   0.000000e+00   0.000000e+00   1.066125e-10   3.814246e-12   3.814246e-12
  5.839000e+09   0.000000e+00   0.000000e+00   7.024601e-11   2.147342e-12   2.147342e-12
  5.897428e+09   0.000000e+00   0.000000e+00   8.082536e-11   8.500867e-13   8.500867e-13
  5.981633e+09   0.000000e+00   0.000000e+00   8.542339e-11   3.806763e-12   3.806763e-12
  6.536847e+09   0.000000e+00   0.000000e+00   6.508072e-11   6.841109e-13   6.841109e-13
  6.635075e+09   0.000000e+00   0.000000e+00   6.846124e-11   2.534813e-12   2.534813e-12
  6.810000e+09   0.000000e+00   0.000000e+00   5.403539e-11   1.633628e-12   1.633628e-12
  7.225823e+09   0.000000e+00   0.000000e+00   5.235914e-11   5.441053e-13   5.441053e-13
  7.353982e+09   0.000000e+00   0.000000e+00   5.444790e-11   2.531068e-12   2.531068e-12
  7.941000e+09   0.000000e+00   0.000000e+00   3.908141e-11   1.237644e-12   1.237644e-12
  7.970276e+09   0.000000e+00   0.000000e+00   4.209270e-11   4.298320e-13   4.298320e-13
  8.143327e+09   0.000000e+00   0.000000e+00   4.323348e-11   1.265670e-12   1.265670e-12
  8.776146e+09   0.000000e+00   0.000000e+00   3.382344e-11   3.408858e-13   3.408858e-13
  9.013060e+09   0.000000e+00   0.000000e+00   3.428299e-11   1.263837e-12   1.263837e-12
  9.256000e+09   0.000000e+00   0.000000e+00   2.789734e-11   8.429778e-13   8.429778e-13
  9.643408e+09   0.000000e+00   0.000000e+00   2.718762e-11   2.649373e-13   2.649373e-13
  9.972147e+09   0.000000e+00   0.000000e+00   2.715600e-11   1.010308e-12   1.010308e-12
  1.058997e+10   0.000000e+00   0.000000e+00   2.182479e-11   2.143394e-13   2.143394e-13
  1.081000e+10   0.000000e+00   0.000000e+00   1.947787e-11   6.407617e-13   6.407617e-13
  1.100863e+10   0.000000e+00   0.000000e+00   2.136599e-11   7.572632e-13   7.572632e-13
  1.158692e+10   0.000000e+00   0.000000e+00   1.757948e-11   1.764249e-13   1.764249e-13
  1.215539e+10   0.000000e+00   0.000000e+00   1.678155e-11   6.310708e-13   6.310708e-13
  1.261000e+10   0.000000e+00   0.000000e+00   1.369734e-11   5.181247e-13   5.181247e-13
  1.263420e+10   0.000000e+00   0.000000e+00   1.425925e-11   1.385616e-13   1.385616e-13
  1.341243e+10   0.000000e+00   0.000000e+00   1.319780e-11   5.043619e-13   5.043619e-13
  1.377168e+10   0.000000e+00   0.000000e+00   1.151036e-11   1.083206e-13   1.083206e-13
  1.465000e+10   0.000000e+00   0.000000e+00   9.412212e-12   3.429952e-13   3.429952e-13
  1.478974e+10   0.000000e+00   0.000000e+00   1.039834e-11   3.785021e-13   3.785021e-13
  1.501934e+10   0.000000e+00   0.000000e+00   9.268654e-12   8.563643e-14   8.563643e-14
  1.630727e+10   0.000000e+00   0.000000e+00   8.129917e-12   2.529556e-13   2.529556e-13
  1.636718e+10   0.000000e+00   0.000000e+00   7.461576e-12   6.797001e-14   6.797001e-14
  1.708000e+10   0.000000e+00   0.000000e+00   6.547079e-12   2.417190e-13   2.417190e-13
  1.781521e+10   0.000000e+00   0.000000e+00   6.006708e-12   5.285992e-14   5.285992e-14
  1.796503e+10   0.000000e+00   0.000000e+00   6.290939e-12   2.519519e-13   2.519519e-13
  1.936342e+10   0.000000e+00   0.000000e+00   4.843228e-12   4.278986e-14   4.278986e-14
  1.978298e+10   0.000000e+00   0.000000e+00   4.905917e-12   2.518997e-13   2.518997e-13
  1.993000e+10   0.000000e+00   0.000000e+00   4.435929e-12   1.799230e-13   1.799230e-13
  2.101179e+10   0.000000e+00   0.000000e+00   3.911717e-12   3.524048e-14   3.524048e-14
  2.178111e+10   0.000000e+00   0.000000e+00   3.832243e-12   1.262794e-13   1.262794e-13
  2.281027e+10   0.000000e+00   0.000000e+00   3.151593e-12   2.895256e-14   2.895256e-14
  2.321000e+10   0.000000e+00   0.000000e+00   3.116460e-12   1.281523e-13   1.281523e-13
  2.396941e+10   0.000000e+00   0.000000e+00   2.974058e-12   1.135195e-13   1.135195e-13
  2.475886e+10   0.000000e+00   0.000000e+00   2.531298e-12   2.266946e-14   2.266946e-14
  2.636785e+10   0.000000e+00   0.000000e+00   2.297232e-12   8.833930e-14   8.833930e-14
  2.680760e+10   0.000000e+00   0.000000e+00   2.046976e-12   1.886034e-14   1.886034e-14
  2.710000e+10   0.000000e+00   0.000000e+00   2.035752e-12   7.643825e-14   7.643825e-14
  2.899644e+10   0.000000e+00   0.000000e+00   1.784045e-12   6.317627e-14   6.317627e-14
  2.899644e+10   0.000000e+00   0.000000e+00   1.654547e-12   1.508706e-14   1.508706e-14
  3.134537e+10   0.000000e+00   0.000000e+00   1.340141e-12   1.257168e-14   1.257168e-14
  3.159000e+10   0.000000e+00   0.000000e+00   1.369734e-12   5.181247e-14   5.181247e-14
  3.188514e+10   0.000000e+00   0.000000e+00   1.391666e-12   5.053684e-14   5.053684e-14
  3.384439e+10   0.000000e+00   0.000000e+00   1.087261e-12   1.031507e-14   1.031507e-14
  3.504396e+10   0.000000e+00   0.000000e+00   1.067248e-12   3.804568e-14   3.804568e-14
  3.654347e+10   0.000000e+00   0.000000e+00   8.821843e-13   8.556125e-15   8.556125e-15
  3.681000e+10   0.000000e+00   0.000000e+00   9.010088e-13   3.901651e-14   3.901651e-14
  3.851289e+10   0.000000e+00   0.000000e+00   8.208162e-13   3.789786e-14   3.789786e-14
  3.944263e+10   0.000000e+00   0.000000e+00   7.167280e-13   7.043556e-15   7.043556e-15
  4.232190e+10   0.000000e+00   0.000000e+00   6.397788e-13   2.541989e-14   2.541989e-14
  4.253186e+10   0.000000e+00   0.000000e+00   5.828384e-13   5.787340e-15   5.787340e-15
  4.294000e+10   0.000000e+00   0.000000e+00   6.082123e-13   2.744537e-14   2.744537e-14
  4.583114e+10   0.000000e+00   0.000000e+00   4.744760e-13   4.782793e-15   4.782793e-15
  4.649101e+10   0.000000e+00   0.000000e+00   4.989826e-13   2.526304e-14   2.526304e-14
  4.938048e+10   0.000000e+00   0.000000e+00   3.863574e-13   3.904353e-15   3.904353e-15
  4.981000e+10   0.000000e+00   0.000000e+00   3.531150e-13   1.746599e-14   1.746599e-14
  5.007000e+10   0.000000e+00   0.000000e+00   3.958407e-13   1.868125e-14   1.868125e-14
  5.107019e+10   0.000000e+00   0.000000e+00   3.783093e-13   1.281732e-14   1.281732e-14
  5.317986e+10   0.000000e+00   0.000000e+00   3.152120e-13   3.270164e-15   3.270164e-15
  5.608945e+10   0.000000e+00   0.000000e+00   2.928361e-13   1.158719e-14   1.158719e-14
  5.614000e+10   0.000000e+00   0.000000e+00   2.739469e-13   1.701108e-14   1.701108e-14
  5.721930e+10   0.000000e+00   0.000000e+00   2.573928e-13   2.642272e-15   2.642272e-15
  5.839000e+10   0.000000e+00   0.000000e+00   2.601239e-13   1.192151e-14   1.192151e-14
  6.156877e+10   0.000000e+00   0.000000e+00   2.103847e-13   2.265690e-15   2.265690e-15
  6.158877e+10   0.000000e+00   0.000000e+00   2.237066e-13   8.886766e-15   8.886766e-15
  6.625828e+10   0.000000e+00   0.000000e+00   1.720504e-13   1.889324e-15   1.889324e-15
  6.761815e+10   0.000000e+00   0.000000e+00   1.772024e-13   6.408217e-15   6.408217e-15
  6.810000e+10   0.000000e+00   0.000000e+00   1.683894e-13   8.429778e-15   8.429778e-15
  7.067000e+10   0.000000e+00   0.000000e+00   1.457699e-13   9.894459e-15   9.894459e-15
  7.130782e+10   0.000000e+00   0.000000e+00   1.402525e-13   1.513319e-15   1.513319e-15
  7.422758e+10   0.000000e+00   0.000000e+00   1.386179e-13   5.152613e-15   5.152613e-15
  7.670740e+10   0.000000e+00   0.000000e+00   1.146639e-13   1.272341e-15   1.272341e-15
  7.895000e+10   0.000000e+00   0.000000e+00   1.011593e-13   4.961015e-15   4.961015e-15
  7.941000e+10   0.000000e+00   0.000000e+00   1.142283e-13   5.907531e-15   5.907531e-15
  8.147707e+10   0.000000e+00   0.000000e+00   1.044333e-13   3.901904e-15   3.901904e-15
  8.249700e+10   0.000000e+00   0.000000e+00   9.356255e-14   1.058331e-15   1.058331e-15
  8.874664e+10   0.000000e+00   0.000000e+00   7.624434e-14   8.694007e-16   8.694007e-16
  8.897000e+10   0.000000e+00   0.000000e+00   7.615221e-14   5.240282e-15   5.539817e-15
  8.942660e+10   0.000000e+00   0.000000e+00   7.954941e-14   3.844777e-15   3.844777e-15
  9.256000e+10   0.000000e+00   0.000000e+00   7.225663e-14   3.933896e-15   3.933896e-15
  9.548629e+10   0.000000e+00   0.000000e+00   6.221905e-14   7.315874e-16   7.315874e-16
  1.004661e+11   0.000000e+00   0.000000e+00   5.768211e-14   2.563156e-15   2.563156e-15
  1.029660e+11   0.000000e+00   0.000000e+00   5.038063e-14   6.053012e-16   6.053012e-16
  1.109657e+11   0.000000e+00   0.000000e+00   4.087984e-14   4.915536e-16   4.915536e-16
  1.121000e+11   0.000000e+00   0.000000e+00   4.310265e-14   2.650879e-15   2.650879e-15
  1.121000e+11   0.000000e+00   0.000000e+00   3.958407e-14   2.914748e-15   3.126704e-15
  1.154655e+11   0.000000e+00   0.000000e+00   3.920835e-14   1.312010e-15   1.312010e-15
  1.194654e+11   0.000000e+00   0.000000e+00   3.326419e-14   4.164129e-16   4.164129e-16
  1.251000e+11   0.000000e+00   0.000000e+00   2.852566e-14   1.465724e-15   1.465724e-15
  1.289651e+11   0.000000e+00   0.000000e+00   2.685503e-14   3.413889e-16   3.413889e-16
  1.326650e+11   0.000000e+00   0.000000e+00   2.626436e-14   1.073698e-15   1.073698e-15
  1.398649e+11   0.000000e+00   0.000000e+00   2.138844e-14   2.776064e-16   2.776064e-16
  1.409000e+11   0.000000e+00   0.000000e+00   2.488141e-14   1.638454e-15   1.638454e-15
  1.413000e+11   0.000000e+00   0.000000e+00   2.048318e-14   1.553561e-15   1.652848e-15
  1.523646e+11   0.000000e+00   0.000000e+00   1.685182e-14   2.275909e-16   2.275909e-16
  1.524646e+11   0.000000e+00   0.000000e+00   1.784458e-14   7.947819e-16   7.947819e-16
  1.663644e+11   0.000000e+00   0.000000e+00   1.322003e-14   1.889169e-16   1.889169e-16
  1.751642e+11   0.000000e+00   0.000000e+00   1.193822e-14   5.619932e-16   5.619932e-16
  1.775000e+11   0.000000e+00   0.000000e+00   1.256637e-14   9.814649e-16   9.814649e-16
  1.781000e+11   0.000000e+00   0.000000e+00   1.075681e-14   7.812403e-16   8.330888e-16
  1.823641e+11   0.000000e+00   0.000000e+00   1.026183e-14   1.490499e-16   1.490499e-16
  1.983000e+11   0.000000e+00   0.000000e+00   7.992212e-15   3.945329e-16   3.945329e-16
  2.002639e+11   0.000000e+00   0.000000e+00   7.877943e-15   1.200414e-16   1.200414e-16
  2.012639e+11   0.000000e+00   0.000000e+00   8.042564e-15   3.973878e-16   3.973878e-16
  2.207637e+11   0.000000e+00   0.000000e+00   6.019345e-15   9.603293e-17   9.603293e-17
  2.237000e+11   0.000000e+00   0.000000e+00   6.810973e-15   5.781896e-16   5.781896e-16
  2.237000e+11   0.000000e+00   0.000000e+00   5.604601e-15   3.998871e-16   4.193780e-16
  2.312636e+11   0.000000e+00   0.000000e+00   5.240219e-15   2.706901e-16   2.706901e-16
  2.446635e+11   0.000000e+00   0.000000e+00   4.557856e-15   7.702534e-17   7.702534e-17
  2.656634e+11   0.000000e+00   0.000000e+00   3.732235e-15   1.533931e-16   1.533931e-16
  2.734633e+11   0.000000e+00   0.000000e+00   3.360267e-15   6.064530e-17   6.064530e-17
  2.812000e+11   0.000000e+00   0.000000e+00   2.953097e-15   2.154537e-16   2.250889e-16
  2.812000e+11   0.000000e+00   0.000000e+00   3.091327e-15   3.203808e-16   3.203808e-16
  3.051632e+11   0.000000e+00   0.000000e+00   2.538419e-15   1.293793e-16   1.293793e-16
  3.087631e+11   0.000000e+00   0.000000e+00   2.405214e-15   4.676670e-17   4.676670e-17
  3.143000e+11   0.000000e+00   0.000000e+00   2.274513e-15   1.186111e-16   1.186111e-16
  3.525630e+11   0.000000e+00   0.000000e+00   1.687670e-15   3.538735e-17   3.538735e-17
  3.541000e+11   0.000000e+00   0.000000e+00   1.570796e-15   1.525715e-16   8.972855e-17
  3.541000e+11   0.000000e+00   0.000000e+00   2.035752e-15   2.488014e-16   2.488014e-16
  3.585630e+11   0.000000e+00   0.000000e+00   1.658767e-15   8.429806e-17   8.429806e-17
  4.076628e+11   0.000000e+00   0.000000e+00   1.125573e-15   2.625867e-17   2.625867e-17
  4.459000e+11   0.000000e+00   0.000000e+00   8.281238e-16   7.656375e-17   4.732436e-17
  4.510627e+11   0.000000e+00   0.000000e+00   8.545150e-16   5.619864e-17   5.619864e-17
  4.628000e+11   0.000000e+00   0.000000e+00   9.387079e-16   1.308653e-16   1.308653e-16
  4.797626e+11   0.000000e+00   0.000000e+00   7.228190e-16   1.880640e-17   1.880640e-17
  4.981000e+11   0.000000e+00   0.000000e+00   6.572212e-16   3.278490e-17   3.278490e-17
  5.614000e+11   0.000000e+00   0.000000e+00   4.410796e-16   3.965262e-17   2.538407e-17
  5.793625e+11   0.000000e+00   0.000000e+00   4.312784e-16   1.261718e-17   1.261718e-17
  5.817625e+11   0.000000e+00   0.000000e+00   4.775227e-16   4.530875e-17   4.530875e-17
  7.067000e+11   0.000000e+00   0.000000e+00   2.400177e-16   2.151016e-17   1.528765e-17
  7.247623e+11   0.000000e+00   0.000000e+00   2.393896e-16   7.952643e-18   7.952643e-18
  7.491623e+11   0.000000e+00   0.000000e+00   2.387612e-16   2.809928e-17   2.809928e-17
  7.895000e+11   0.000000e+00   0.000000e+00   1.935221e-16   1.159233e-17   1.159233e-17
  8.897000e+11   0.000000e+00   0.000000e+00   1.306903e-16   1.130440e-17   8.140060e-18
  9.599622e+11   0.000000e+00   0.000000e+00   1.139519e-16   4.425827e-18   4.425827e-18
  1.010062e+12   0.000000e+00   0.000000e+00   1.017876e-16   1.533922e-17   1.533922e-17
  1.121000e+12   0.000000e+00   0.000000e+00   7.087433e-17   5.971340e-18   5.127695e-18
  1.249000e+12   0.000000e+00   0.000000e+00   5.114513e-17   1.868125e-18   1.868125e-18
  1.251000e+12   0.000000e+00   0.000000e+00   5.780530e-17   3.738095e-18   3.738095e-18
  1.413000e+12   0.000000e+00   0.000000e+00   3.883009e-17   2.933649e-18   2.933649e-18
  1.416062e+12   0.000000e+00   0.000000e+00   4.096638e-17   2.016267e-18   2.016267e-18
  1.781000e+12   0.000000e+00   0.000000e+00   2.173982e-17   1.553561e-18   1.553561e-18
  1.979000e+12   0.000000e+00   0.000000e+00   1.520531e-17   5.802649e-19   5.802649e-19
  1.983000e+12   0.000000e+00   0.000000e+00   1.746726e-17   1.257642e-18   1.257642e-18
  2.237000e+12   0.000000e+00   0.000000e+00   1.223964e-17   8.358328e-19   8.750562e-19
  2.812000e+12   0.000000e+00   0.000000e+00   6.748141e-18   4.431869e-19   5.311711e-19
  3.141000e+12   0.000000e+00   0.000000e+00   4.674690e-18   1.833312e-19   1.833312e-19
  3.143000e+12   0.000000e+00   0.000000e+00   5.328141e-18   4.466298e-19   4.466298e-19
  3.541000e+12   0.000000e+00   0.000000e+00   3.719646e-18   2.432039e-19   3.133137e-19
  4.459000e+12   0.000000e+00   0.000000e+00   2.048318e-18   1.384356e-19   2.008616e-19
  4.981000e+12   0.000000e+00   0.000000e+00   1.432566e-18   6.205050e-20   6.205050e-20
  4.981000e+12   0.000000e+00   0.000000e+00   1.633628e-18   1.576370e-19   1.576370e-19
  5.614000e+12   0.000000e+00   0.000000e+00   1.134743e-18   8.778210e-20   1.311245e-19
  7.067000e+12   0.000000e+00   0.000000e+00   6.396283e-19   5.623012e-20   8.060874e-20
  7.895000e+12   0.000000e+00   0.000000e+00   5.013982e-19   4.957747e-20   4.957747e-20
  7.895000e+12   0.000000e+00   0.000000e+00   4.347964e-19   1.516371e-20   1.516371e-20
  8.897000e+12   0.000000e+00   0.000000e+00   3.531150e-19   3.552618e-20   4.675315e-20
  1.121000e+13   0.000000e+00   0.000000e+00   1.859823e-19   1.948760e-20   2.384301e-20
  1.249000e+13   0.000000e+00   0.000000e+00   1.319469e-19   8.800636e-21   8.800636e-21
  1.251000e+13   0.000000e+00   0.000000e+00   1.482832e-19   1.523210e-20   1.523210e-20
  1.413000e+13   0.000000e+00   0.000000e+00   9.563008e-20   1.001470e-20   1.179693e-20
  1.781000e+13   0.000000e+00   0.000000e+00   4.775221e-20   5.184309e-21   5.377012e-21
  1.979000e+13   0.000000e+00   0.000000e+00   3.820177e-20   3.638635e-21   3.638635e-21
  1.983000e+13   0.000000e+00   0.000000e+00   4.197168e-20   4.528601e-21   4.528601e-21
  2.237000e+13   0.000000e+00   0.000000e+00   2.437876e-20   3.330088e-21   2.767456e-21
  3.141000e+13   0.000000e+00   0.000000e+00   9.437344e-21   1.772259e-21   1.269604e-21
  3.141000e+13   0.000000e+00   0.000000e+00   1.030442e-20   1.427033e-21   1.427033e-21
  3.143000e+13   0.000000e+00   0.000000e+00   1.112124e-20   1.248392e-21   1.248392e-21
  4.981000e+13   0.000000e+00   0.000000e+00   2.638938e-21   5.107864e-22   6.348426e-22
  4.981000e+13   0.000000e+00   0.000000e+00   2.525840e-21   7.610035e-22   5.948342e-22
  4.981000e+13   0.000000e+00   0.000000e+00   2.890265e-21   3.552365e-22   3.552365e-22
  7.895000e+13   0.000000e+00   0.000000e+00   7.539822e-22   1.778308e-22   2.027280e-22
  7.895000e+13   0.000000e+00   0.000000e+00   7.602654e-22   1.071808e-22   1.071808e-22
  1.249000e+14   0.000000e+00   0.000000e+00   2.136283e-22   8.827103e-23   1.007992e-22
  1.251000e+14   0.000000e+00   0.000000e+00   2.123717e-22   3.650817e-23   3.650817e-23
  1.778000e+14   0.000000e+00   0.000000e+00   8.934690e-23   4.902495e-24   4.902495e-24
  1.979000e+14   0.000000e+00   0.000000e+00   5.529203e-23   2.771140e-23   3.398250e-23
  2.239000e+14   0.000000e+00   0.000000e+00   4.762654e-23   2.602331e-24   2.602331e-24
  2.818000e+14   0.000000e+00   0.000000e+00   2.558513e-23   1.370656e-24   1.370656e-24
  3.548000e+14   0.000000e+00   0.000000e+00   1.397380e-23   7.423737e-25   7.423737e-25
  4.467000e+14   0.000000e+00   0.000000e+00   7.891681e-24   4.215807e-25   4.215807e-25
  5.623000e+14   0.000000e+00   0.000000e+00   4.444725e-24   2.379826e-25   2.379826e-25
  7.079000e+14   0.000000e+00   0.000000e+00   2.490655e-24   1.324307e-25   1.324307e-25
  8.913000e+14   0.000000e+00   0.000000e+00   1.393611e-24   7.077444e-26   7.077444e-26
  1.122000e+15   0.000000e+00   0.000000e+00   7.951999e-25   3.865563e-26   3.865563e-26
  1.413000e+15   0.000000e+00   0.000000e+00   4.410796e-25   2.014268e-26   2.014268e-26
  1.778000e+15   0.000000e+00   0.000000e+00   2.395150e-25   1.018186e-26   1.018186e-26
  2.239000e+15   0.000000e+00   0.000000e+00   1.305646e-25   5.233648e-27   5.233648e-27
  2.818000e+15   0.000000e+00   0.000000e+00   6.883858e-26   2.712124e-27   2.712124e-27
  3.548000e+15   0.000000e+00   0.000000e+00   3.507274e-26   1.672184e-26   1.724554e-26
  3.548000e+15   0.000000e+00   0.000000e+00   3.475858e-26   1.405244e-27   1.405244e-27
  4.467000e+15   0.000000e+00   0.000000e+00   1.651221e-26   7.047258e-28   7.047258e-28
  4.467000e+15   0.000000e+00   0.000000e+00   1.707770e-26   8.284937e-27   8.197763e-27
  5.623000e+15   0.000000e+00   0.000000e+00   9.849521e-27   5.007927e-27   4.956404e-27
  5.623000e+15   0.000000e+00   0.000000e+00   7.615221e-27   3.558946e-28   3.558946e-28
  7.079000e+15   0.000000e+00   0.000000e+00   3.294902e-27   1.759471e-28   1.759471e-28
  7.079000e+15   0.000000e+00   0.000000e+00   4.342938e-27   2.641547e-27   2.665432e-27
  8.913000e+15   0.000000e+00   0.000000e+00   1.541894e-27   9.776766e-29   9.776766e-29
  8.913000e+15   0.000000e+00   0.000000e+00   1.750495e-27   1.018284e-27   1.057895e-27
  1.122000e+16   0.000000e+00   0.000000e+00   7.180424e-28   5.511482e-29   5.511482e-29
  1.122000e+16   0.000000e+00   0.000000e+00   8.399362e-28   5.477075e-28   5.785272e-28
  1.413000e+16   0.000000e+00   0.000000e+00   3.337628e-28   2.350161e-28   2.568732e-28
  1.778000e+16   0.000000e+00   0.000000e+00   1.306903e-28   8.581543e-29   9.582424e-29
  2.239000e+16   0.000000e+00   0.000000e+00   6.648867e-29   5.017345e-29   5.934485e-29
  2.818000e+16   0.000000e+00   0.000000e+00   3.986053e-29   2.965976e-29   2.926757e-29
  3.548000e+16   0.000000e+00   0.000000e+00   1.626088e-29   1.451810e-29   1.402214e-29
  4.467000e+16   0.000000e+00   0.000000e+00   1.031071e-29   6.407016e-30   5.751089e-30
  5.623000e+16   0.000000e+00   0.000000e+00   3.186832e-30   1.676189e-30   2.500498e-30
  7.079000e+16   0.000000e+00   0.000000e+00   1.500425e-30   1.107879e-30   1.656797e-30
  8.913000e+16   0.000000e+00   0.000000e+00   1.045271e-30   8.695473e-31   4.797036e-31
  1.259000e+17   0.000000e+00   0.000000e+00   3.043575e-31   2.291909e-31   1.641540e-31
  1.995000e+17   0.000000e+00   0.000000e+00   6.606141e-32   5.118314e-32   3.074147e-32
  3.162000e+17   0.000000e+00   0.000000e+00   1.683894e-32   9.645293e-33   1.178067e-32
  5.012000e+17   0.000000e+00   0.000000e+00   4.476141e-33   5.094743e-33   0.000000e+00
  7.943000e+17   0.000000e+00   0.000000e+00   2.010619e-35   2.010619e-35   0.000000e+00
