# E [eV] - Phi_min [eV^-1 cm^-2 s^-1] - Phi_max [eV^-1 cm^-2 s^-1]
  1.000000e+06   3.008504e-06   3.602666e-06
  2.000000e+06   6.313896e-06   7.215886e-06
  3.000000e+06   7.480111e-06   8.193254e-06
  4.000000e+06   7.085716e-06   7.571440e-06
  5.000000e+06   6.128314e-06   6.457632e-06
  6.000000e+06   5.094373e-06   5.321211e-06
  7.000000e+06   4.156803e-06   4.314326e-06
  8.000000e+06   3.361098e-06   3.469939e-06
  9.000000e+06   2.705961e-06   2.779626e-06
  1.000000e+07   2.174703e-06   2.222508e-06
  1.100000e+07   1.747291e-06   1.775939e-06
  1.200000e+07   1.404796e-06   1.419261e-06
  1.300000e+07   1.130829e-06   1.134876e-06
  1.400000e+07   9.082773e-07   9.117643e-07
  1.500000e+07   7.277149e-07   7.365160e-07
  1.600000e+07   5.837655e-07   5.961730e-07
  1.700000e+07   4.689149e-07   4.836209e-07
  1.800000e+07   3.771902e-07   3.932016e-07
  1.900000e+07   3.038519e-07   3.204237e-07
  2.000000e+07   2.451418e-07   2.617250e-07
  2.100000e+07   1.980805e-07   2.142798e-07
  2.200000e+07   1.603050e-07   1.758453e-07
  2.300000e+07   1.299401e-07   1.446394e-07
  2.400000e+07   1.054966e-07   1.192441e-07
  2.500000e+07   8.579059e-08   9.852955e-08
  2.600000e+07   6.988000e-08   8.159384e-08
  2.700000e+07   5.701418e-08   6.771556e-08
  2.800000e+07   4.659437e-08   5.631666e-08
  2.900000e+07   3.814237e-08   4.693295e-08
  3.000000e+07   3.127575e-08   3.919091e-08
  3.100000e+07   2.568827e-08   3.278931e-08
  3.200000e+07   2.113439e-08   2.748468e-08
  3.300000e+07   1.741694e-08   2.307984e-08
  3.400000e+07   1.437739e-08   1.941465e-08
  3.500000e+07   1.188809e-08   1.635887e-08
  3.600000e+07   9.846122e-09   1.380623e-08
  3.700000e+07   8.168368e-09   1.166992e-08
  3.800000e+07   6.787623e-09   9.878801e-09
  3.900000e+07   5.649458e-09   8.374476e-09
  4.000000e+07   4.709730e-09   7.108900e-09
