# E [eV] - Phi_min [eV^-1 cm^-2 s^-1] - Phi_max [eV^-1 cm^-2 s^-1]
  1.000000e+06   4.450765e-06   4.840066e-06
  2.000000e+06   8.865406e-06   9.572529e-06
  3.000000e+06   9.630652e-06   1.029715e-05
  4.000000e+06   8.500180e-06   8.980940e-06
  5.000000e+06   6.966693e-06   7.266255e-06
  6.000000e+06   5.548440e-06   5.710469e-06
  7.000000e+06   4.368769e-06   4.435690e-06
  8.000000e+06   3.426306e-06   3.430794e-06
  9.000000e+06   2.651451e-06   2.686075e-06
  1.000000e+07   2.051127e-06   2.108778e-06
  1.100000e+07   1.589751e-06   1.659568e-06
  1.200000e+07   1.235144e-06   1.309935e-06
  1.300000e+07   9.622362e-07   1.037351e-06
  1.400000e+07   7.517779e-07   8.243122e-07
  1.500000e+07   5.890818e-07   6.573211e-07
  1.600000e+07   4.629720e-07   5.260033e-07
  1.700000e+07   3.649467e-07   4.223899e-07
  1.800000e+07   2.885328e-07   3.403544e-07
  1.900000e+07   2.287931e-07   2.751776e-07
  2.000000e+07   1.819537e-07   2.232156e-07
  2.100000e+07   1.451228e-07   1.816473e-07
  2.200000e+07   1.160789e-07   1.482813e-07
  2.300000e+07   9.311070e-08   1.214103e-07
  2.400000e+07   7.489616e-08   9.969990e-08
  2.500000e+07   6.041135e-08   8.210336e-08
  2.600000e+07   4.886091e-08   6.779717e-08
  2.700000e+07   3.962539e-08   5.613115e-08
  2.800000e+07   3.222101e-08   4.659032e-08
  2.900000e+07   2.626894e-08   3.876547e-08
  3.000000e+07   2.147176e-08   3.233039e-08
  3.100000e+07   1.759533e-08   2.702420e-08
  3.200000e+07   1.445488e-08   2.263765e-08
  3.300000e+07   1.190421e-08   1.900237e-08
  3.400000e+07   9.827354e-09   1.598251e-08
  3.500000e+07   8.132098e-09   1.346811e-08
  3.600000e+07   6.744935e-09   1.136992e-08
  3.700000e+07   5.607127e-09   9.615309e-09
  3.800000e+07   4.671626e-09   8.145009e-09
  3.900000e+07   3.900654e-09   6.910521e-09
  4.000000e+07   3.263808e-09   5.872063e-09
