# E [eV] - dE_lo - dE_up - Phi [eV^-1 cm^-2 s^-1] - dPhi_lo - dPhi_up
  3.162278e+11   2.162278e+11   6.837722e+11   1.702434e-20   8.512171e-21   0.000000e+00
  1.467799e+12   4.677993e+11   6.866354e+11   4.281512e-22   2.140756e-22   0.000000e+00
  3.162278e+12   1.007843e+12   1.479311e+12   2.355953e-23   1.177977e-23   0.000000e+00
  6.812921e+12   2.171332e+12   3.187079e+12   4.203726e-24   2.728701e-24   2.479905e-24
  1.467799e+13   4.677993e+12   6.866354e+12   1.056571e-24   2.087424e-25   3.468231e-25
  3.162278e+13   1.007843e+13   1.479311e+13   2.878970e-25   3.257462e-26   3.399123e-26
  6.812921e+13   2.171332e+13   3.187079e+13   2.779414e-26   5.795162e-27   5.253634e-27
  1.467799e+14   4.677993e+13   6.866354e+13   5.303134e-27   1.108597e-27   1.129478e-27
  3.162278e+14   1.007843e+14   1.479311e+14   2.551514e-28   1.275757e-28   0.000000e+00
  6.812921e+14   2.171332e+14   3.187079e+14   1.145128e-28   5.511130e-29   5.773881e-29
  1.467799e+15   4.677993e+14   6.866354e+14   1.241940e-29   7.693257e-30   1.129428e-29
  3.162278e+15   1.007843e+15   1.479311e+15   1.265384e-30   6.326919e-31   0.000000e+00
  6.812921e+15   2.171332e+15   3.187079e+15   1.164691e-31   5.823457e-32   0.000000e+00
  3.162278e+16   2.162278e+16   6.837722e+16   2.173476e-32   1.086738e-32   0.000000e+00
