# E [eV] - dE_lo - dE_up - Phi [eV^-1 cm^-2 s^-1] - dPhi_lo - dPhi_up
  1.412538e+11   4.125375e+10   5.827248e+10   1.133659e-16   3.174245e-17   3.287611e-17
  2.818383e+11   8.231206e+10   1.162689e+11   1.265610e-17   2.784342e-18   2.657781e-18
  5.623413e+11   1.642342e+11   2.319869e+11   1.390842e-18   4.450696e-19   4.311611e-19
  1.122018e+12   3.276902e+11   4.628747e+11   1.397455e-19   6.987276e-20   6.987276e-20
  2.238721e+12   6.538279e+11   9.235565e+11   1.379026e-20   8.549963e-21   8.963671e-21
  4.466836e+12   1.304558e+12   1.842738e+12   1.259621e-21   7.935612e-22   8.943308e-22
  8.912509e+12   2.602936e+12   3.676745e+12   1.107409e-22   6.422970e-23   8.194824e-23
  1.778279e+13   5.193540e+12   7.336070e+12   9.338513e-24   4.949412e-24   7.657581e-24
  3.548134e+13   1.036247e+13   1.463738e+13   7.985458e-25   4.232293e-25   7.586185e-25
  7.079458e+13   2.067586e+13   2.920542e+13   6.769766e-26   3.858766e-26   7.649835e-26
  1.412538e+14   4.125375e+13   5.827248e+13   6.298105e-27   4.030787e-27   8.502441e-27
  2.818383e+14   8.231206e+13   1.162689e+14   6.248949e-28   4.499243e-28   9.873339e-28
