# E [eV] - dE_lo - dE_up - Phi [eV^-1 cm^-2 s^-1] - dPhi_lo - dPhi_up
  1.467799e+12   4.677993e+11   6.866354e+11   1.511223e-22   7.556115e-23   0.000000e+00
  3.162278e+12   1.007843e+12   1.479311e+12   7.078065e-23   3.539033e-23   0.000000e+00
  6.812921e+12   2.171332e+12   3.187079e+12   5.254610e-24   2.703322e-24   2.786331e-24
  1.467799e+13   4.677993e+12   6.866354e+12   1.287213e-24   2.654893e-25   2.784957e-25
  3.162278e+13   1.007843e+13   1.479311e+13   3.461866e-25   4.254147e-26   4.508216e-26
  6.812921e+13   2.171332e+13   3.187079e+13   4.526151e-26   6.804805e-27   7.749913e-27
  1.467799e+14   4.677993e+13   6.866354e+13   4.517845e-27   1.033608e-27   1.450302e-27
  3.162278e+14   1.007843e+14   1.479311e+14   4.373499e-28   2.186750e-28   0.000000e+00
  6.812921e+14   2.171332e+14   3.187079e+14   8.033929e-29   2.554457e-29   5.676643e-29
  1.467799e+15   4.677993e+14   6.866354e+14   9.528499e-30   5.421906e-30   1.016572e-29
  3.162278e+15   1.007843e+15   1.479311e+15   1.377291e-30   6.886455e-31   0.000000e+00
  6.812921e+15   2.171332e+15   3.187079e+15   3.389567e-31   2.126110e-31   2.640028e-31
  3.162278e+16   2.162278e+16   6.837722e+16   4.790361e-32   2.395180e-32   0.000000e+00
