# E [eV] - Phi_min [eV^-1 cm^-2 s^-1] - Phi_max [eV^-1 cm^-2 s^-1]
  1.198600e+14   8.379800e-27   1.789200e-26
  1.979300e+14   2.921300e-27   5.830600e-27
  2.903600e+14   1.312500e-27   2.490500e-27
  4.379800e+14   5.484100e-28   1.006100e-27
  5.950900e+14   2.872100e-28   5.094500e-28
  7.973800e+14   1.495400e-28   2.743500e-28
  1.024700e+15   8.464900e-29   1.606200e-28
  1.354000e+15   4.531900e-29   8.894200e-29
  1.865500e+15   2.157700e-29   4.454300e-29
  2.642900e+15   9.716200e-30   2.109800e-29
  3.566100e+15   4.905500e-30   1.139500e-29
  4.778300e+15   2.469400e-30   6.136400e-30
