# E [eV] - Phi [eV^-1 cm^-2 s^-1]
  1.258900e+04   1.371000e+00
  1.288200e+04   1.441100e+00
  1.318300e+04   1.513000e+00
  1.349000e+04   1.587000e+00
  1.380400e+04   1.663000e+00
  1.412500e+04   1.741100e+00
  1.445400e+04   1.821400e+00
  1.479100e+04   1.903900e+00
  1.513600e+04   1.988700e+00
  1.548800e+04   2.075900e+00
  1.584900e+04   2.197600e+00
  1.621800e+04   2.343800e+00
  1.659600e+04   2.493900e+00
  1.698200e+04   2.647900e+00
  1.737800e+04   2.806100e+00
  1.778300e+04   2.968500e+00
  1.819700e+04   3.135200e+00
  1.862100e+04   3.306300e+00
  1.905500e+04   3.482100e+00
  1.949800e+04   3.662600e+00
  1.995300e+04   3.848000e+00
  2.041700e+04   4.038400e+00
  2.089300e+04   4.234000e+00
  2.138000e+04   4.434900e+00
  2.187800e+04   4.641300e+00
  2.238700e+04   4.853300e+00
  2.290900e+04   5.071200e+00
  2.344200e+04   5.295000e+00
  2.398800e+04   5.525000e+00
  2.454700e+04   5.761400e+00
  2.511900e+04   6.004400e+00
  2.570400e+04   6.254200e+00
  2.630300e+04   6.510900e+00
  2.691500e+04   6.774800e+00
  2.754200e+04   7.046100e+00
  2.818400e+04   7.325100e+00
  2.884000e+04   7.612000e+00
  2.951200e+04   7.907100e+00
  3.020000e+04   8.210500e+00
  3.090300e+04   8.522700e+00
  3.162300e+04   8.649000e+00
  3.235900e+04   8.636400e+00
  3.311300e+04   8.620400e+00
  3.388400e+04   8.601000e+00
  3.467400e+04   8.577700e+00
  3.548100e+04   8.550400e+00
  3.630800e+04   8.518800e+00
  3.715400e+04   8.482700e+00
  3.801900e+04   8.441700e+00
  3.890500e+04   8.395600e+00
  3.981100e+04   8.344100e+00
  4.073800e+04   8.286700e+00
  4.168700e+04   8.223300e+00
  4.265800e+04   8.153300e+00
  4.365200e+04   8.076400e+00
  4.466800e+04   7.992200e+00
  4.570900e+04   7.900300e+00
  4.677400e+04   7.800200e+00
  4.786300e+04   7.691400e+00
  4.897800e+04   7.574900e+00
  5.011900e+04   7.457500e+00
  5.128600e+04   7.330000e+00
  5.248100e+04   7.192000e+00
  5.370300e+04   7.042800e+00
  5.495400e+04   6.881800e+00
  5.623400e+04   6.708200e+00
  5.754400e+04   6.521500e+00
  5.888400e+04   6.320900e+00
  6.025600e+04   6.105500e+00
  6.166000e+04   5.853500e+00
  6.309600e+04   5.745600e+00
  6.456500e+04   5.916500e+00
  6.606900e+04   6.094000e+00
  6.760800e+04   6.278500e+00
  6.918300e+04   6.470200e+00
  7.079500e+04   6.669400e+00
  7.244400e+04   6.876500e+00
  7.413100e+04   7.091800e+00
  7.585800e+04   7.315600e+00
  7.762500e+04   7.548400e+00
  7.943300e+04   7.790400e+00
  8.128300e+04   8.042100e+00
  8.317600e+04   8.303900e+00
  8.511400e+04   8.576200e+00
  8.709600e+04   8.859600e+00
  8.912500e+04   9.154400e+00
  9.120100e+04   9.461200e+00
  9.332500e+04   9.780400e+00
  9.549900e+04   1.011300e+01
  9.772400e+04   1.045900e+01
  1.000000e+05   1.081900e+01
  1.023300e+05   1.119300e+01
  1.047100e+05   1.158400e+01
  1.071500e+05   1.199000e+01
  1.096500e+05   1.241400e+01
  1.122000e+05   1.285400e+01
  1.148200e+05   1.331400e+01
  1.174900e+05   1.379200e+01
  1.202300e+05   1.429000e+01
  1.230300e+05   1.483500e+01
  1.258900e+05   1.526700e+01
  1.288200e+05   1.535200e+01
  1.318300e+05   1.543800e+01
  1.349000e+05   1.552500e+01
  1.380400e+05   1.561300e+01
  1.412500e+05   1.570100e+01
  1.445400e+05   1.579100e+01
  1.479100e+05   1.623900e+01
  1.513600e+05   1.634800e+01
  1.548800e+05   1.645800e+01
  1.584900e+05   1.656900e+01
  1.621800e+05   1.668200e+01
  1.659600e+05   1.679600e+01
  1.698200e+05   1.691000e+01
  1.737800e+05   1.703000e+01
  1.778300e+05   1.715200e+01
  1.819700e+05   1.727500e+01
  1.862100e+05   1.739800e+01
  1.905500e+05   1.752300e+01
  1.949800e+05   1.764900e+01
  1.995300e+05   1.803100e+01
  2.041700e+05   1.888000e+01
  2.089300e+05   1.914600e+01
  2.138000e+05   1.927400e+01
  2.187800e+05   1.940100e+01
  2.238700e+05   1.952900e+01
  2.290900e+05   1.965700e+01
  2.344200e+05   1.973000e+01
  2.398800e+05   1.972500e+01
  2.454700e+05   1.971600e+01
  2.511900e+05   1.972000e+01
  2.570400e+05   1.978300e+01
  2.630300e+05   1.984700e+01
  2.691500e+05   1.991400e+01
  2.754200e+05   1.998100e+01
  2.818400e+05   2.005100e+01
  2.884000e+05   2.012200e+01
  2.951200e+05   2.019200e+01
  3.020000e+05   2.025800e+01
  3.090300e+05   2.032600e+01
  3.162300e+05   2.039600e+01
  3.235900e+05   2.046700e+01
  3.311300e+05   2.054100e+01
  3.388400e+05   2.061500e+01
  3.467400e+05   2.057200e+01
  3.548100e+05   2.050700e+01
  3.630800e+05   2.051600e+01
  3.715400e+05   2.052600e+01
  3.801900e+05   2.054000e+01
  3.890500e+05   2.056200e+01
  3.981100e+05   2.058400e+01
  4.073800e+05   2.054000e+01
  4.168700e+05   2.045200e+01
  4.265800e+05   2.030600e+01
  4.365200e+05   1.992400e+01
  4.466800e+05   1.979300e+01
  4.570900e+05   1.978400e+01
  4.677400e+05   1.980500e+01
  4.786300e+05   1.983000e+01
  4.897800e+05   1.985900e+01
  5.011900e+05   1.999500e+01
  5.128600e+05   2.018000e+01
  5.248100e+05   2.031300e+01
  5.370300e+05   2.031500e+01
  5.495400e+05   2.031600e+01
  5.623400e+05   2.031700e+01
  5.754400e+05   2.031700e+01
  5.888400e+05   2.031700e+01
  6.025600e+05   2.030700e+01
  6.166000e+05   2.029100e+01
  6.309600e+05   2.027300e+01
  6.456500e+05   2.025500e+01
  6.606900e+05   2.021300e+01
  6.760800e+05   2.013800e+01
  6.918300e+05   2.005900e+01
  7.079500e+05   2.000400e+01
  7.244400e+05   2.000000e+01
  7.413100e+05   1.999500e+01
  7.585800e+05   1.993500e+01
  7.762500e+05   1.981700e+01
  7.943300e+05   1.969500e+01
  8.128300e+05   1.956900e+01
  8.317600e+05   1.943900e+01
  8.511400e+05   1.932800e+01
  8.709600e+05   1.922000e+01
  8.912500e+05   1.910800e+01
  9.120100e+05   1.899300e+01
  9.332500e+05   1.887300e+01
  9.549900e+05   1.875300e+01
  9.772400e+05   1.862800e+01
  1.000000e+06   1.849900e+01
  1.023300e+06   1.822800e+01
  1.047100e+06   1.793000e+01
  1.071500e+06   1.761500e+01
  1.096500e+06   1.725800e+01
  1.122000e+06   1.689100e+01
  1.148200e+06   1.642100e+01
  1.174900e+06   1.592500e+01
  1.202300e+06   1.548700e+01
  1.230300e+06   1.506200e+01
  1.258900e+06   1.463900e+01
  1.288200e+06   1.430900e+01
  1.318300e+06   1.397200e+01
  1.349000e+06   1.362700e+01
  1.380400e+06   1.327300e+01
  1.412500e+06   1.290900e+01
  1.445400e+06   1.253600e+01
  1.479100e+06   1.215300e+01
  1.513600e+06   1.183800e+01
  1.548800e+06   1.163700e+01
  1.584900e+06   1.143100e+01
  1.621800e+06   1.122100e+01
  1.659600e+06   1.100500e+01
  1.698200e+06   1.078400e+01
  1.737800e+06   1.055900e+01
  1.778300e+06   1.032700e+01
  1.819700e+06   1.009100e+01
  1.862100e+06   9.848400e+00
  1.905500e+06   9.600300e+00
  1.949800e+06   9.346400e+00
  1.995300e+06   9.086400e+00
  2.041700e+06   8.835700e+00
  2.089300e+06   8.581600e+00
  2.138000e+06   8.322200e+00
  2.187800e+06   8.057400e+00
  2.238700e+06   7.787200e+00
  2.290900e+06   7.494400e+00
  2.344200e+06   7.190000e+00
  2.398800e+06   6.878500e+00
  2.454700e+06   6.559800e+00
  2.511900e+06   6.256700e+00
  2.570400e+06   6.037100e+00
  2.630300e+06   5.813300e+00
  2.691500e+06   5.585400e+00
  2.754200e+06   5.354800e+00
  2.818400e+06   5.141500e+00
  2.884000e+06   4.923300e+00
  2.951200e+06   4.699800e+00
  3.020000e+06   4.476700e+00
  3.090300e+06   4.262800e+00
  3.162300e+06   4.043700e+00
  3.235900e+06   3.819400e+00
  3.311300e+06   3.613900e+00
  3.388400e+06   3.410000e+00
  3.467400e+06   3.202300e+00
  3.548100e+06   2.998700e+00
  3.630800e+06   2.796600e+00
  3.715400e+06   2.590700e+00
  3.801900e+06   2.401300e+00
  3.890500e+06   2.222000e+00
  3.981100e+06   2.039100e+00
  4.073800e+06   1.877400e+00
  4.168700e+06   1.719400e+00
  4.265800e+06   1.561200e+00
  4.365200e+06   1.414500e+00
  4.466800e+06   1.265500e+00
  4.570900e+06   1.135700e+00
  4.677400e+06   1.014700e+00
  4.786300e+06   9.033300e-01
  4.897800e+06   8.131300e-01
  5.011900e+06   7.237800e-01
  5.128600e+06   6.500600e-01
  5.248100e+06   5.755300e-01
  5.370300e+06   5.046500e-01
  5.495400e+06   4.331200e-01
  5.623400e+06   3.854300e-01
  5.754400e+06   3.383600e-01
  5.888400e+06   2.907400e-01
  6.025600e+06   2.447500e-01
  6.166000e+06   2.058900e-01
  6.309600e+06   1.725200e-01
  6.456500e+06   1.471000e-01
  6.606900e+06   1.244700e-01
  6.760800e+06   1.029400e-01
  6.918300e+06   8.347300e-02
  7.079500e+06   6.500400e-02
  7.244400e+06   4.769500e-02
  7.413100e+06   3.593400e-02
  7.585800e+06   2.618600e-02
  7.762500e+06   1.818500e-02
  7.943300e+06   1.232600e-02
