# E [eV] - Phi_min [eV^-1 cm^-2 s^-1] - Phi_max [eV^-1 cm^-2 s^-1]
  2.000000e+04   4.343059e-05   4.687064e-05
  4.000000e+04   1.717023e-04   1.853025e-04
  6.000000e+04   3.797652e-04   4.098456e-04
  8.000000e+04   6.635790e-04   7.161397e-04
  1.000000e+05   1.019609e-03   1.100370e-03
  1.200000e+05   1.443815e-03   1.558176e-03
  1.400000e+05   1.931651e-03   2.084653e-03
  1.600000e+05   2.480594e-03   2.677076e-03
  1.800000e+05   3.086602e-03   3.331085e-03
  2.000000e+05   3.745636e-03   4.042320e-03
  2.200000e+05   4.453656e-03   4.806420e-03
  2.400000e+05   5.207631e-03   5.620116e-03
  2.600000e+05   6.002007e-03   6.477413e-03
  2.800000e+05   6.831733e-03   7.372860e-03
  3.000000e+05   7.686204e-03   8.295013e-03
  3.200000e+05   8.544211e-03   9.220980e-03
  3.400000e+05   9.417368e-03   1.016330e-02
  3.600000e+05   1.046879e-02   1.129800e-02
  3.800000e+05   1.156517e-02   1.248122e-02
  4.000000e+05   1.270396e-02   1.371021e-02
  4.200000e+05   1.387911e-02   1.497844e-02
  4.400000e+05   1.509819e-02   1.629408e-02
  4.600000e+05   1.638091e-02   1.767840e-02
  4.800000e+05   1.770453e-02   1.910687e-02
  5.000000e+05   1.906653e-02   2.057675e-02
  5.200000e+05   2.045834e-02   2.207880e-02
  5.400000e+05   2.189811e-02   2.363261e-02
  5.600000e+05   2.340354e-02   2.525728e-02
  5.800000e+05   2.494886e-02   2.692500e-02
  6.000000e+05   2.653154e-02   2.863305e-02
  6.200000e+05   2.814707e-02   3.037654e-02
  6.400000e+05   2.980752e-02   3.216851e-02
  6.600000e+05   3.151495e-02   3.401119e-02
  6.800000e+05   3.325874e-02   3.589310e-02
  7.000000e+05   3.503789e-02   3.781316e-02
  7.200000e+05   3.684934e-02   3.976810e-02
  7.400000e+05   3.870019e-02   4.176555e-02
  7.600000e+05   4.058892e-02   4.380388e-02
  7.800000e+05   4.251047e-02   4.587764e-02
  8.000000e+05   4.446282e-02   4.798463e-02
  8.200000e+05   4.644144e-02   5.011997e-02
  8.400000e+05   4.846349e-02   5.230219e-02
  8.600000e+05   5.051937e-02   5.452090e-02
  8.800000e+05   5.260404e-02   5.677070e-02
  9.000000e+05   5.471649e-02   5.905046e-02
  9.200000e+05   5.684761e-02   6.135040e-02
  9.400000e+05   5.903126e-02   6.370700e-02
  9.600000e+05   6.124471e-02   6.609577e-02
  9.800000e+05   6.348492e-02   6.851343e-02
  1.000000e+06   6.574988e-02   7.095779e-02
  1.020000e+06   6.803251e-02   7.342122e-02
  1.040000e+06   7.036513e-02   7.593861e-02
  1.060000e+06   7.272300e-02   7.848324e-02
  1.080000e+06   7.510563e-02   8.105459e-02
  1.100000e+06   7.751047e-02   8.364991e-02
  1.120000e+06   7.993450e-02   8.626595e-02
  1.140000e+06   8.240096e-02   8.892777e-02
  1.160000e+06   8.489014e-02   9.161411e-02
  1.180000e+06   8.740255e-02   9.432552e-02
  1.200000e+06   8.993516e-02   9.705873e-02
  1.220000e+06   9.248696e-02   9.981266e-02
  1.240000e+06   9.507310e-02   1.026036e-01
  1.260000e+06   9.767994e-02   1.054170e-01
  1.280000e+06   1.003070e-01   1.082521e-01
  1.300000e+06   1.029527e-01   1.111074e-01
  1.320000e+06   1.056171e-01   1.139828e-01
  1.340000e+06   1.083083e-01   1.168872e-01
  1.360000e+06   1.110182e-01   1.198117e-01
  1.380000e+06   1.137447e-01   1.227542e-01
  1.400000e+06   1.164864e-01   1.257130e-01
  1.420000e+06   1.192462e-01   1.286915e-01
  1.440000e+06   1.220344e-01   1.317005e-01
  1.460000e+06   1.248392e-01   1.347274e-01
  1.480000e+06   1.276592e-01   1.377708e-01
  1.500000e+06   1.304912e-01   1.408272e-01
  1.520000e+06   1.333420e-01   1.439037e-01
  1.540000e+06   1.362160e-01   1.470054e-01
  1.560000e+06   1.391041e-01   1.501223e-01
  1.580000e+06   1.420054e-01   1.532533e-01
  1.600000e+06   1.449183e-01   1.563970e-01
  1.620000e+06   1.478473e-01   1.595580e-01
  1.640000e+06   1.507946e-01   1.627387e-01
  1.660000e+06   1.537544e-01   1.659330e-01
  1.680000e+06   1.567249e-01   1.691387e-01
  1.700000e+06   1.597049e-01   1.723548e-01
  1.720000e+06   1.627001e-01   1.755872e-01
  1.740000e+06   1.657094e-01   1.788349e-01
  1.760000e+06   1.687279e-01   1.820925e-01
  1.780000e+06   1.717554e-01   1.853598e-01
  1.800000e+06   1.747869e-01   1.886314e-01
  1.820000e+06   1.778391e-01   1.919254e-01
  1.840000e+06   1.809035e-01   1.952325e-01
  1.860000e+06   1.839761e-01   1.985484e-01
  1.880000e+06   1.870550e-01   2.018713e-01
  1.900000e+06   1.901366e-01   2.051969e-01
  1.920000e+06   1.932383e-01   2.085443e-01
  1.940000e+06   1.963476e-01   2.118999e-01
  1.960000e+06   1.994630e-01   2.152621e-01
  1.980000e+06   2.025835e-01   2.186297e-01
  2.000000e+06   2.057045e-01   2.219979e-01
  2.020000e+06   2.088461e-01   2.253883e-01
  2.040000e+06   2.119928e-01   2.287843e-01
  2.060000e+06   2.151435e-01   2.321846e-01
  2.080000e+06   2.182978e-01   2.355887e-01
  2.100000e+06   2.214521e-01   2.389928e-01
  2.120000e+06   2.246235e-01   2.424155e-01
  2.140000e+06   2.277980e-01   2.458414e-01
  2.160000e+06   2.309755e-01   2.492705e-01
  2.180000e+06   2.341535e-01   2.527003e-01
  2.200000e+06   2.373325e-01   2.561311e-01
  2.220000e+06   2.405252e-01   2.595767e-01
  2.240000e+06   2.437193e-01   2.630238e-01
  2.260000e+06   2.469150e-01   2.664726e-01
  2.280000e+06   2.501097e-01   2.699204e-01
  2.300000e+06   2.533049e-01   2.733686e-01
  2.320000e+06   2.565107e-01   2.768284e-01
  2.340000e+06   2.597164e-01   2.802880e-01
  2.360000e+06   2.629217e-01   2.837472e-01
  2.380000e+06   2.661245e-01   2.872037e-01
  2.400000e+06   2.693277e-01   2.906606e-01
  2.420000e+06   2.725406e-01   2.941279e-01
  2.440000e+06   2.757520e-01   2.975937e-01
  2.460000e+06   2.789613e-01   3.010572e-01
  2.480000e+06   2.821660e-01   3.045158e-01
  2.500000e+06   2.853718e-01   3.079756e-01
  2.520000e+06   2.885831e-01   3.114412e-01
  2.540000e+06   2.917920e-01   3.149042e-01
  2.560000e+06   2.949962e-01   3.183623e-01
  2.580000e+06   2.981944e-01   3.218138e-01
  2.600000e+06   3.013951e-01   3.252680e-01
  2.620000e+06   3.045989e-01   3.287255e-01
  2.640000e+06   3.077977e-01   3.321777e-01
  2.660000e+06   3.109914e-01   3.356243e-01
  2.680000e+06   3.141769e-01   3.390622e-01
  2.700000e+06   3.173660e-01   3.425039e-01
  2.720000e+06   3.205546e-01   3.459450e-01
  2.740000e+06   3.237372e-01   3.493797e-01
  2.760000e+06   3.269136e-01   3.528078e-01
  2.780000e+06   3.300790e-01   3.562239e-01
  2.800000e+06   3.332505e-01   3.596466e-01
  2.820000e+06   3.364184e-01   3.630655e-01
  2.840000e+06   3.395792e-01   3.664766e-01
  2.860000e+06   3.427315e-01   3.698786e-01
  2.880000e+06   3.458711e-01   3.732668e-01
  2.900000e+06   3.490198e-01   3.766650e-01
  2.920000e+06   3.521610e-01   3.800549e-01
  2.940000e+06   3.552941e-01   3.834362e-01
  2.960000e+06   3.584181e-01   3.868076e-01
  2.980000e+06   3.615299e-01   3.901659e-01
  3.000000e+06   3.646458e-01   3.935286e-01
  3.020000e+06   3.677530e-01   3.968820e-01
  3.040000e+06   3.708508e-01   4.002251e-01
  3.060000e+06   3.739379e-01   4.035568e-01
  3.080000e+06   3.770139e-01   4.068763e-01
  3.100000e+06   3.800914e-01   4.101976e-01
  3.120000e+06   3.831588e-01   4.135080e-01
  3.140000e+06   3.862161e-01   4.168075e-01
  3.160000e+06   3.892613e-01   4.200939e-01
  3.180000e+06   3.922949e-01   4.233678e-01
  3.200000e+06   3.953290e-01   4.266422e-01
  3.220000e+06   3.983524e-01   4.299051e-01
  3.240000e+06   4.013643e-01   4.331555e-01
  3.260000e+06   4.043625e-01   4.363912e-01
  3.280000e+06   4.073507e-01   4.396161e-01
  3.300000e+06   4.103352e-01   4.428370e-01
  3.320000e+06   4.133077e-01   4.460449e-01
  3.340000e+06   4.162676e-01   4.492393e-01
  3.360000e+06   4.192123e-01   4.524172e-01
  3.380000e+06   4.221479e-01   4.555853e-01
  3.400000e+06   4.250794e-01   4.587491e-01
  3.420000e+06   4.279978e-01   4.618986e-01
  3.440000e+06   4.309032e-01   4.650341e-01
  3.460000e+06   4.337923e-01   4.681521e-01
  3.480000e+06   4.366729e-01   4.712608e-01
  3.500000e+06   4.395453e-01   4.743608e-01
  3.520000e+06   4.424042e-01   4.774461e-01
  3.540000e+06   4.452484e-01   4.805156e-01
  3.560000e+06   4.480749e-01   4.835660e-01
  3.580000e+06   4.508949e-01   4.866093e-01
  3.600000e+06   4.537047e-01   4.896417e-01
  3.620000e+06   4.564995e-01   4.926579e-01
  3.640000e+06   4.592785e-01   4.956570e-01
  3.660000e+06   4.620378e-01   4.986349e-01
  3.680000e+06   4.647936e-01   5.016090e-01
  3.700000e+06   4.675374e-01   5.045701e-01
  3.720000e+06   4.702644e-01   5.075131e-01
  3.740000e+06   4.729752e-01   5.104386e-01
  3.760000e+06   4.756639e-01   5.133403e-01
  3.780000e+06   4.783531e-01   5.162424e-01
  3.800000e+06   4.810261e-01   5.191272e-01
  3.820000e+06   4.836825e-01   5.219939e-01
  3.840000e+06   4.863211e-01   5.248416e-01
  3.860000e+06   4.889390e-01   5.276669e-01
  3.880000e+06   4.915540e-01   5.304890e-01
  3.900000e+06   4.941523e-01   5.332930e-01
  3.920000e+06   4.967334e-01   5.360786e-01
  3.940000e+06   4.992952e-01   5.388433e-01
  3.960000e+06   5.018370e-01   5.415864e-01
  3.980000e+06   5.043746e-01   5.443251e-01
  4.000000e+06   5.068946e-01   5.470446e-01
  4.020000e+06   5.093959e-01   5.497441e-01
  4.040000e+06   5.118780e-01   5.524228e-01
  4.060000e+06   5.143404e-01   5.550802e-01
  4.080000e+06   5.167978e-01   5.577323e-01
  4.100000e+06   5.192364e-01   5.603640e-01
  4.120000e+06   5.216559e-01   5.629752e-01
  4.140000e+06   5.240557e-01   5.655651e-01
  4.160000e+06   5.264369e-01   5.681348e-01
  4.180000e+06   5.288104e-01   5.706964e-01
  4.200000e+06   5.311647e-01   5.732371e-01
  4.220000e+06   5.334993e-01   5.757567e-01
  4.240000e+06   5.358123e-01   5.782529e-01
  4.260000e+06   5.381096e-01   5.807321e-01
  4.280000e+06   5.403962e-01   5.831999e-01
  4.300000e+06   5.426632e-01   5.856465e-01
  4.320000e+06   5.449095e-01   5.880706e-01
  4.340000e+06   5.471335e-01   5.904708e-01
  4.360000e+06   5.493429e-01   5.928553e-01
  4.380000e+06   5.515392e-01   5.952255e-01
  4.400000e+06   5.537153e-01   5.975739e-01
  4.420000e+06   5.558697e-01   5.998989e-01
  4.440000e+06   5.579998e-01   6.021978e-01
  4.460000e+06   5.601198e-01   6.044857e-01
  4.480000e+06   5.622237e-01   6.067562e-01
  4.500000e+06   5.643073e-01   6.090049e-01
  4.520000e+06   5.663687e-01   6.112296e-01
  4.540000e+06   5.684039e-01   6.134260e-01
  4.560000e+06   5.704326e-01   6.156153e-01
  4.580000e+06   5.724424e-01   6.177844e-01
  4.600000e+06   5.744306e-01   6.199301e-01
  4.620000e+06   5.763966e-01   6.220518e-01
  4.640000e+06   5.783359e-01   6.241447e-01
  4.660000e+06   5.802700e-01   6.262320e-01
  4.680000e+06   5.821831e-01   6.282966e-01
  4.700000e+06   5.840738e-01   6.303371e-01
  4.720000e+06   5.859413e-01   6.323525e-01
  4.740000e+06   5.877836e-01   6.343407e-01
  4.760000e+06   5.896192e-01   6.363217e-01
  4.780000e+06   5.914332e-01   6.382794e-01
  4.800000e+06   5.932245e-01   6.402126e-01
  4.820000e+06   5.949916e-01   6.421196e-01
  4.840000e+06   5.967353e-01   6.440015e-01
  4.860000e+06   5.984700e-01   6.458736e-01
  4.880000e+06   6.001829e-01   6.477222e-01
  4.900000e+06   6.018728e-01   6.495458e-01
  4.920000e+06   6.035382e-01   6.513432e-01
  4.940000e+06   6.051810e-01   6.531162e-01
  4.960000e+06   6.068137e-01   6.548782e-01
  4.980000e+06   6.084241e-01   6.566162e-01
  5.000000e+06   6.100109e-01   6.583286e-01
  5.020000e+06   6.115729e-01   6.600143e-01
  5.040000e+06   6.131147e-01   6.616783e-01
  5.060000e+06   6.146439e-01   6.633285e-01
  5.080000e+06   6.161498e-01   6.649537e-01
  5.100000e+06   6.176325e-01   6.665539e-01
  5.120000e+06   6.190889e-01   6.681256e-01
  5.140000e+06   6.205272e-01   6.696779e-01
  5.160000e+06   6.219513e-01   6.712148e-01
  5.180000e+06   6.233522e-01   6.727266e-01
  5.200000e+06   6.247288e-01   6.742123e-01
  5.220000e+06   6.260787e-01   6.756691e-01
  5.240000e+06   6.274130e-01   6.771091e-01
  5.260000e+06   6.287310e-01   6.785315e-01
  5.280000e+06   6.300248e-01   6.799278e-01
  5.300000e+06   6.312949e-01   6.812984e-01
  5.320000e+06   6.325363e-01   6.826382e-01
  5.340000e+06   6.337659e-01   6.839652e-01
  5.360000e+06   6.349760e-01   6.852711e-01
  5.380000e+06   6.361616e-01   6.865507e-01
  5.400000e+06   6.373232e-01   6.878042e-01
  5.420000e+06   6.384549e-01   6.890256e-01
  5.440000e+06   6.395786e-01   6.902383e-01
  5.460000e+06   6.406800e-01   6.914269e-01
  5.480000e+06   6.417567e-01   6.925889e-01
  5.500000e+06   6.428086e-01   6.937241e-01
  5.520000e+06   6.438312e-01   6.948277e-01
  5.540000e+06   6.448468e-01   6.959238e-01
  5.560000e+06   6.458376e-01   6.969931e-01
  5.580000e+06   6.468047e-01   6.980367e-01
  5.600000e+06   6.477466e-01   6.990532e-01
  5.620000e+06   6.486612e-01   7.000403e-01
  5.640000e+06   6.495661e-01   7.010168e-01
  5.660000e+06   6.504473e-01   7.019679e-01
  5.680000e+06   6.513038e-01   7.028923e-01
  5.700000e+06   6.521341e-01   7.037882e-01
  5.720000e+06   6.529395e-01   7.046575e-01
  5.740000e+06   6.537349e-01   7.055159e-01
  5.760000e+06   6.545050e-01   7.063470e-01
  5.780000e+06   6.552509e-01   7.071520e-01
  5.800000e+06   6.559701e-01   7.079281e-01
  5.820000e+06   6.566665e-01   7.086797e-01
  5.840000e+06   6.573508e-01   7.094182e-01
  5.860000e+06   6.580113e-01   7.101310e-01
  5.880000e+06   6.586461e-01   7.108161e-01
  5.900000e+06   6.592542e-01   7.114723e-01
  5.920000e+06   6.598425e-01   7.121072e-01
  5.940000e+06   6.604157e-01   7.127258e-01
  5.960000e+06   6.609656e-01   7.133193e-01
  5.980000e+06   6.614893e-01   7.138845e-01
  6.000000e+06   6.619857e-01   7.144202e-01
  6.020000e+06   6.624655e-01   7.149380e-01
  6.040000e+06   6.629291e-01   7.154383e-01
  6.060000e+06   6.633679e-01   7.159119e-01
  6.080000e+06   6.637820e-01   7.163588e-01
  6.100000e+06   6.641673e-01   7.167746e-01
  6.120000e+06   6.645395e-01   7.171763e-01
  6.140000e+06   6.648920e-01   7.175568e-01
  6.160000e+06   6.652203e-01   7.179110e-01
  6.180000e+06   6.655223e-01   7.182370e-01
  6.200000e+06   6.657950e-01   7.185312e-01
  6.220000e+06   6.660596e-01   7.188168e-01
  6.240000e+06   6.663020e-01   7.190784e-01
  6.260000e+06   6.665192e-01   7.193128e-01
  6.280000e+06   6.667116e-01   7.195205e-01
  6.300000e+06   6.668742e-01   7.196959e-01
  6.320000e+06   6.670308e-01   7.198649e-01
  6.340000e+06   6.671620e-01   7.200065e-01
  6.360000e+06   6.672701e-01   7.201231e-01
  6.380000e+06   6.673514e-01   7.202109e-01
  6.400000e+06   6.674059e-01   7.202698e-01
  6.420000e+06   6.674529e-01   7.203204e-01
  6.440000e+06   6.674757e-01   7.203451e-01
  6.460000e+06   6.674736e-01   7.203428e-01
  6.480000e+06   6.674463e-01   7.203134e-01
  6.500000e+06   6.673933e-01   7.202561e-01
  6.520000e+06   6.673312e-01   7.201892e-01
  6.540000e+06   6.672448e-01   7.200959e-01
  6.560000e+06   6.671342e-01   7.199765e-01
  6.580000e+06   6.669974e-01   7.198289e-01
  6.600000e+06   6.668384e-01   7.196573e-01
  6.620000e+06   6.666687e-01   7.194741e-01
  6.640000e+06   6.664747e-01   7.192648e-01
  6.660000e+06   6.662565e-01   7.190293e-01
  6.680000e+06   6.660117e-01   7.187651e-01
  6.700000e+06   6.657480e-01   7.184805e-01
  6.720000e+06   6.654707e-01   7.181813e-01
  6.740000e+06   6.651708e-01   7.178576e-01
  6.760000e+06   6.648460e-01   7.175071e-01
  6.780000e+06   6.644941e-01   7.171273e-01
  6.800000e+06   6.641270e-01   7.167311e-01
  6.820000e+06   6.637441e-01   7.163179e-01
  6.840000e+06   6.633382e-01   7.158798e-01
  6.860000e+06   6.629073e-01   7.154149e-01
  6.880000e+06   6.624488e-01   7.149200e-01
  6.900000e+06   6.619796e-01   7.144137e-01
  6.920000e+06   6.614923e-01   7.138878e-01
  6.940000e+06   6.609818e-01   7.133367e-01
  6.960000e+06   6.604470e-01   7.127596e-01
  6.980000e+06   6.598819e-01   7.121498e-01
  7.000000e+06   6.593127e-01   7.115355e-01
  7.020000e+06   6.587223e-01   7.108984e-01
  7.040000e+06   6.581078e-01   7.102352e-01
  7.060000e+06   6.574689e-01   7.095457e-01
  7.080000e+06   6.568018e-01   7.088258e-01
  7.100000e+06   6.561322e-01   7.081031e-01
  7.120000e+06   6.554393e-01   7.073553e-01
  7.140000e+06   6.547243e-01   7.065836e-01
  7.160000e+06   6.539844e-01   7.057851e-01
  7.180000e+06   6.532183e-01   7.049583e-01
  7.200000e+06   6.524481e-01   7.041272e-01
  7.220000e+06   6.516553e-01   7.032715e-01
  7.240000e+06   6.508397e-01   7.023914e-01
  7.260000e+06   6.499994e-01   7.014845e-01
  7.280000e+06   6.491368e-01   7.005536e-01
  7.300000e+06   6.482672e-01   6.996151e-01
  7.320000e+06   6.473758e-01   6.986531e-01
  7.340000e+06   6.464618e-01   6.976667e-01
  7.360000e+06   6.455230e-01   6.966535e-01
  7.380000e+06   6.445650e-01   6.956197e-01
  7.400000e+06   6.435979e-01   6.945759e-01
  7.420000e+06   6.426091e-01   6.935088e-01
  7.440000e+06   6.415981e-01   6.924178e-01
  7.460000e+06   6.405618e-01   6.912993e-01
  7.480000e+06   6.395104e-01   6.901646e-01
  7.500000e+06   6.384474e-01   6.890175e-01
  7.520000e+06   6.373631e-01   6.878473e-01
  7.540000e+06   6.362567e-01   6.866532e-01
  7.560000e+06   6.351244e-01   6.854313e-01
  7.580000e+06   6.339821e-01   6.841985e-01
  7.600000e+06   6.328256e-01   6.829504e-01
  7.620000e+06   6.316485e-01   6.816801e-01
  7.640000e+06   6.304491e-01   6.803857e-01
  7.660000e+06   6.292229e-01   6.790623e-01
  7.680000e+06   6.279917e-01   6.777336e-01
  7.700000e+06   6.267439e-01   6.763869e-01
  7.720000e+06   6.254753e-01   6.750179e-01
  7.740000e+06   6.241840e-01   6.736243e-01
  7.760000e+06   6.228654e-01   6.722013e-01
  7.780000e+06   6.215488e-01   6.707804e-01
  7.800000e+06   6.202116e-01   6.693372e-01
  7.820000e+06   6.188546e-01   6.678728e-01
  7.840000e+06   6.174754e-01   6.663844e-01
  7.860000e+06   6.160710e-01   6.648687e-01
  7.880000e+06   6.146671e-01   6.633535e-01
  7.900000e+06   6.132430e-01   6.618166e-01
  7.920000e+06   6.117992e-01   6.602585e-01
  7.940000e+06   6.103336e-01   6.586768e-01
  7.960000e+06   6.088459e-01   6.570713e-01
  7.980000e+06   6.073566e-01   6.554640e-01
  8.000000e+06   6.058486e-01   6.538366e-01
  8.020000e+06   6.043205e-01   6.521874e-01
  8.040000e+06   6.027701e-01   6.505143e-01
  8.060000e+06   6.012021e-01   6.488220e-01
  8.080000e+06   5.996305e-01   6.471260e-01
  8.100000e+06   5.980402e-01   6.454097e-01
  8.120000e+06   5.964302e-01   6.436722e-01
  8.140000e+06   5.947981e-01   6.419108e-01
  8.160000e+06   5.931523e-01   6.401346e-01
  8.180000e+06   5.915004e-01   6.383520e-01
  8.200000e+06   5.898298e-01   6.365490e-01
  8.220000e+06   5.881406e-01   6.347260e-01
  8.240000e+06   5.864282e-01   6.328779e-01
  8.260000e+06   5.847070e-01   6.310205e-01
  8.280000e+06   5.829779e-01   6.291543e-01
  8.300000e+06   5.812306e-01   6.272687e-01
  8.320000e+06   5.794641e-01   6.253622e-01
  8.340000e+06   5.776743e-01   6.234307e-01
  8.360000e+06   5.758820e-01   6.214965e-01
  8.380000e+06   5.740782e-01   6.195497e-01
  8.400000e+06   5.722567e-01   6.175839e-01
  8.420000e+06   5.704164e-01   6.155979e-01
  8.440000e+06   5.685519e-01   6.135857e-01
  8.460000e+06   5.666914e-01   6.115778e-01
  8.480000e+06   5.648158e-01   6.095537e-01
  8.500000e+06   5.629230e-01   6.075110e-01
  8.520000e+06   5.610121e-01   6.054487e-01
  8.540000e+06   5.590774e-01   6.033608e-01
  8.560000e+06   5.571493e-01   6.012800e-01
  8.580000e+06   5.552045e-01   5.991811e-01
  8.600000e+06   5.532436e-01   5.970649e-01
  8.620000e+06   5.512640e-01   5.949285e-01
  8.640000e+06   5.492651e-01   5.927713e-01
  8.660000e+06   5.472709e-01   5.906190e-01
  8.680000e+06   5.452604e-01   5.884494e-01
  8.700000e+06   5.432338e-01   5.862623e-01
  8.720000e+06   5.411886e-01   5.840550e-01
  8.740000e+06   5.391282e-01   5.818314e-01
  8.760000e+06   5.370703e-01   5.796105e-01
  8.780000e+06   5.349977e-01   5.773738e-01
  8.800000e+06   5.329085e-01   5.751191e-01
  8.820000e+06   5.308021e-01   5.728459e-01
  8.840000e+06   5.286836e-01   5.705595e-01
  8.860000e+06   5.265656e-01   5.682737e-01
  8.880000e+06   5.244325e-01   5.659717e-01
  8.900000e+06   5.222842e-01   5.636532e-01
  8.920000e+06   5.201167e-01   5.613140e-01
  8.940000e+06   5.179441e-01   5.589694e-01
  8.960000e+06   5.157680e-01   5.566209e-01
  8.980000e+06   5.135784e-01   5.542579e-01
  9.000000e+06   5.113730e-01   5.518778e-01
  9.020000e+06   5.091489e-01   5.494775e-01
  9.040000e+06   5.069249e-01   5.470774e-01
  9.060000e+06   5.046957e-01   5.446716e-01
  9.080000e+06   5.024531e-01   5.422513e-01
  9.100000e+06   5.001957e-01   5.398152e-01
  9.120000e+06   4.979171e-01   5.373561e-01
  9.140000e+06   4.956471e-01   5.349063e-01
  9.160000e+06   4.933674e-01   5.324460e-01
  9.180000e+06   4.910747e-01   5.299718e-01
  9.200000e+06   4.887674e-01   5.274816e-01
  9.220000e+06   4.864403e-01   5.249703e-01
  9.240000e+06   4.841253e-01   5.224719e-01
  9.260000e+06   4.817983e-01   5.199605e-01
  9.280000e+06   4.794586e-01   5.174355e-01
  9.300000e+06   4.771047e-01   5.148952e-01
  9.320000e+06   4.747347e-01   5.123375e-01
  9.340000e+06   4.723753e-01   5.097912e-01
  9.360000e+06   4.700043e-01   5.072324e-01
  9.380000e+06   4.676217e-01   5.046610e-01
  9.400000e+06   4.652245e-01   5.020739e-01
  9.420000e+06   4.628156e-01   4.994743e-01
  9.440000e+06   4.604157e-01   4.968843e-01
  9.460000e+06   4.580048e-01   4.942824e-01
  9.480000e+06   4.555824e-01   4.916681e-01
  9.500000e+06   4.531462e-01   4.890390e-01
  9.520000e+06   4.507025e-01   4.864017e-01
  9.540000e+06   4.482653e-01   4.837715e-01
  9.560000e+06   4.458185e-01   4.811309e-01
  9.580000e+06   4.433602e-01   4.784778e-01
  9.600000e+06   4.408871e-01   4.758089e-01
  9.620000e+06   4.384131e-01   4.731389e-01
  9.640000e+06   4.359427e-01   4.704728e-01
  9.660000e+06   4.334626e-01   4.677962e-01
  9.680000e+06   4.309719e-01   4.651083e-01
  9.700000e+06   4.284660e-01   4.624039e-01
  9.720000e+06   4.259652e-01   4.597050e-01
  9.740000e+06   4.234649e-01   4.570067e-01
  9.760000e+06   4.209550e-01   4.542980e-01
  9.780000e+06   4.184351e-01   4.515785e-01
  9.800000e+06   4.158989e-01   4.488414e-01
  9.820000e+06   4.133764e-01   4.461191e-01
  9.840000e+06   4.108499e-01   4.433925e-01
  9.860000e+06   4.083142e-01   4.406559e-01
  9.880000e+06   4.057695e-01   4.379097e-01
  9.900000e+06   4.032076e-01   4.351448e-01
  9.920000e+06   4.006659e-01   4.324018e-01
  9.940000e+06   3.981166e-01   4.296506e-01
  9.960000e+06   3.955593e-01   4.268907e-01
  9.980000e+06   3.929923e-01   4.241204e-01
  1.000000e+07   3.904133e-01   4.213371e-01
  1.002000e+07   3.878523e-01   4.185733e-01
  1.004000e+07   3.852844e-01   4.158020e-01
  1.006000e+07   3.827094e-01   4.130230e-01
  1.008000e+07   3.801247e-01   4.102336e-01
  1.010000e+07   3.775326e-01   4.074361e-01
  1.012000e+07   3.749560e-01   4.046554e-01
  1.014000e+07   3.723734e-01   4.018683e-01
  1.016000e+07   3.697842e-01   3.990741e-01
  1.018000e+07   3.671849e-01   3.962689e-01
  1.020000e+07   3.645836e-01   3.934616e-01
  1.022000e+07   3.619960e-01   3.906689e-01
  1.024000e+07   3.594023e-01   3.878698e-01
  1.026000e+07   3.568025e-01   3.850641e-01
  1.028000e+07   3.541921e-01   3.822470e-01
  1.030000e+07   3.515868e-01   3.794352e-01
  1.032000e+07   3.489911e-01   3.766339e-01
  1.034000e+07   3.463908e-01   3.738277e-01
  1.036000e+07   3.437844e-01   3.710148e-01
  1.038000e+07   3.411665e-01   3.681896e-01
  1.040000e+07   3.385611e-01   3.653778e-01
  1.042000e+07   3.359619e-01   3.625727e-01
  1.044000e+07   3.333586e-01   3.597632e-01
  1.046000e+07   3.307492e-01   3.569471e-01
  1.048000e+07   3.281267e-01   3.541170e-01
  1.050000e+07   3.255274e-01   3.513118e-01
  1.052000e+07   3.229287e-01   3.485072e-01
  1.054000e+07   3.203259e-01   3.456982e-01
  1.056000e+07   3.177175e-01   3.428833e-01
  1.058000e+07   3.150970e-01   3.400552e-01
  1.060000e+07   3.125048e-01   3.372577e-01
  1.062000e+07   3.099101e-01   3.344574e-01
  1.064000e+07   3.073123e-01   3.316539e-01
  1.066000e+07   3.047090e-01   3.288444e-01
  1.068000e+07   3.020981e-01   3.260267e-01
  1.070000e+07   2.995140e-01   3.232379e-01
  1.072000e+07   2.969279e-01   3.204469e-01
  1.074000e+07   2.943387e-01   3.176527e-01
  1.076000e+07   2.917445e-01   3.148530e-01
  1.078000e+07   2.891487e-01   3.120516e-01
  1.080000e+07   2.865757e-01   3.092748e-01
  1.082000e+07   2.840023e-01   3.064975e-01
  1.084000e+07   2.814256e-01   3.037168e-01
  1.086000e+07   2.788440e-01   3.009307e-01
  1.088000e+07   2.762670e-01   2.981496e-01
  1.090000e+07   2.737097e-01   2.953897e-01
  1.092000e+07   2.711524e-01   2.926298e-01
  1.094000e+07   2.685924e-01   2.898670e-01
  1.096000e+07   2.660266e-01   2.870980e-01
  1.098000e+07   2.634731e-01   2.843423e-01
  1.100000e+07   2.609361e-01   2.816043e-01
  1.102000e+07   2.583978e-01   2.788650e-01
  1.104000e+07   2.558592e-01   2.761253e-01
  1.106000e+07   2.533114e-01   2.733757e-01
  1.108000e+07   2.507869e-01   2.706512e-01
  1.110000e+07   2.482735e-01   2.679387e-01
  1.112000e+07   2.457601e-01   2.652263e-01
  1.114000e+07   2.432457e-01   2.625126e-01
  1.116000e+07   2.407196e-01   2.597865e-01
  1.118000e+07   2.382304e-01   2.571002e-01
  1.120000e+07   2.357443e-01   2.544171e-01
  1.122000e+07   2.332591e-01   2.517351e-01
  1.124000e+07   2.307730e-01   2.490520e-01
  1.126000e+07   2.282788e-01   2.463602e-01
  1.128000e+07   2.258219e-01   2.437088e-01
  1.130000e+07   2.233676e-01   2.410601e-01
  1.132000e+07   2.209143e-01   2.384124e-01
  1.134000e+07   2.184599e-01   2.357637e-01
  1.136000e+07   2.160036e-01   2.331128e-01
  1.138000e+07   2.135816e-01   2.304989e-01
  1.140000e+07   2.111621e-01   2.278878e-01
  1.142000e+07   2.087446e-01   2.252788e-01
  1.144000e+07   2.063251e-01   2.226676e-01
  1.146000e+07   2.039106e-01   2.200620e-01
  1.148000e+07   2.015270e-01   2.174895e-01
  1.150000e+07   1.991474e-01   2.149215e-01
  1.152000e+07   1.967694e-01   2.123551e-01
  1.154000e+07   1.943888e-01   2.097859e-01
  1.156000e+07   1.920213e-01   2.072309e-01
  1.158000e+07   1.896806e-01   2.047048e-01
  1.160000e+07   1.873434e-01   2.021824e-01
  1.162000e+07   1.850088e-01   1.996629e-01
  1.164000e+07   1.826701e-01   1.971390e-01
  1.166000e+07   1.803546e-01   1.946401e-01
  1.168000e+07   1.780603e-01   1.921641e-01
  1.170000e+07   1.757702e-01   1.896926e-01
  1.172000e+07   1.734820e-01   1.872231e-01
  1.174000e+07   1.711872e-01   1.847466e-01
  1.176000e+07   1.689293e-01   1.823098e-01
  1.178000e+07   1.666851e-01   1.798878e-01
  1.180000e+07   1.644454e-01   1.774708e-01
  1.182000e+07   1.622077e-01   1.750559e-01
  1.184000e+07   1.599614e-01   1.726316e-01
  1.186000e+07   1.577646e-01   1.702608e-01
  1.188000e+07   1.555739e-01   1.678966e-01
  1.190000e+07   1.533877e-01   1.655372e-01
  1.192000e+07   1.512036e-01   1.631801e-01
  1.194000e+07   1.490170e-01   1.608203e-01
  1.196000e+07   1.468772e-01   1.585111e-01
  1.198000e+07   1.447436e-01   1.562084e-01
  1.200000e+07   1.426154e-01   1.539117e-01
  1.202000e+07   1.404884e-01   1.516162e-01
  1.204000e+07   1.383658e-01   1.493255e-01
  1.206000e+07   1.362867e-01   1.470817e-01
  1.208000e+07   1.342142e-01   1.448450e-01
  1.210000e+07   1.321467e-01   1.426138e-01
  1.212000e+07   1.300797e-01   1.403830e-01
  1.214000e+07   1.280258e-01   1.381665e-01
  1.216000e+07   1.260109e-01   1.359919e-01
  1.218000e+07   1.240024e-01   1.338244e-01
  1.220000e+07   1.219996e-01   1.316629e-01
  1.222000e+07   1.199941e-01   1.294986e-01
  1.224000e+07   1.180140e-01   1.273617e-01
  1.226000e+07   1.160662e-01   1.252596e-01
  1.228000e+07   1.141255e-01   1.231651e-01
  1.230000e+07   1.121898e-01   1.210761e-01
  1.232000e+07   1.102491e-01   1.189817e-01
  1.234000e+07   1.083478e-01   1.169298e-01
  1.236000e+07   1.064706e-01   1.149039e-01
  1.238000e+07   1.046005e-01   1.128857e-01
  1.240000e+07   1.027345e-01   1.108719e-01
  1.242000e+07   1.008574e-01   1.088461e-01
  1.244000e+07   9.904193e-02   1.068868e-01
  1.246000e+07   9.723806e-02   1.049401e-01
  1.248000e+07   9.544125e-02   1.030010e-01
  1.250000e+07   9.364796e-02   1.010656e-01
  1.252000e+07   9.184712e-02   9.912213e-02
  1.254000e+07   9.011191e-02   9.724948e-02
  1.256000e+07   8.838478e-02   9.538556e-02
  1.258000e+07   8.666474e-02   9.352927e-02
  1.260000e+07   8.494670e-02   9.167515e-02
  1.262000e+07   8.323018e-02   8.982267e-02
  1.264000e+07   8.157376e-02   8.803505e-02
  1.266000e+07   7.992592e-02   8.625669e-02
  1.268000e+07   7.828465e-02   8.448541e-02
  1.270000e+07   7.664337e-02   8.271414e-02
  1.272000e+07   7.501473e-02   8.095649e-02
  1.274000e+07   7.344062e-02   7.925770e-02
  1.276000e+07   7.187459e-02   7.756763e-02
  1.278000e+07   7.031412e-02   7.588356e-02
  1.280000e+07   6.875113e-02   7.419676e-02
  1.282000e+07   6.721440e-02   7.253831e-02
  1.284000e+07   6.572463e-02   7.093054e-02
  1.286000e+07   6.424243e-02   6.933094e-02
  1.288000e+07   6.276529e-02   6.773679e-02
  1.290000e+07   6.128006e-02   6.613392e-02
  1.292000e+07   5.984079e-02   6.458065e-02
  1.294000e+07   5.843738e-02   6.306608e-02
  1.296000e+07   5.704153e-02   6.155967e-02
  1.298000e+07   5.564923e-02   6.005709e-02
  1.300000e+07   5.424077e-02   5.853707e-02
  1.302000e+07   5.290553e-02   5.709606e-02
  1.304000e+07   5.159049e-02   5.567687e-02
  1.306000e+07   5.028202e-02   5.426475e-02
  1.308000e+07   4.897456e-02   5.285373e-02
  1.310000e+07   4.764941e-02   5.142362e-02
  1.312000e+07   4.641670e-02   5.009327e-02
  1.314000e+07   4.519155e-02   4.877108e-02
  1.316000e+07   4.397246e-02   4.745543e-02
  1.318000e+07   4.275236e-02   4.613869e-02
  1.320000e+07   4.152571e-02   4.481487e-02
  1.322000e+07   4.038540e-02   4.358424e-02
  1.324000e+07   3.925217e-02   4.236125e-02
  1.326000e+07   3.812297e-02   4.114261e-02
  1.328000e+07   3.698974e-02   3.991962e-02
  1.330000e+07   3.586407e-02   3.870479e-02
  1.332000e+07   3.481719e-02   3.757499e-02
  1.334000e+07   3.377638e-02   3.645173e-02
  1.336000e+07   3.273808e-02   3.533119e-02
  1.338000e+07   3.169070e-02   3.420085e-02
  1.340000e+07   3.067058e-02   3.309994e-02
  1.342000e+07   2.971764e-02   3.207151e-02
  1.344000e+07   2.876923e-02   3.104798e-02
  1.346000e+07   2.782134e-02   3.002501e-02
  1.348000e+07   2.685677e-02   2.898404e-02
  1.350000e+07   2.594674e-02   2.800193e-02
  1.352000e+07   2.508773e-02   2.707488e-02
  1.354000e+07   2.423275e-02   2.615218e-02
  1.356000e+07   2.337525e-02   2.522676e-02
  1.358000e+07   2.248947e-02   2.427082e-02
  1.360000e+07   2.169610e-02   2.341461e-02
  1.362000e+07   2.093102e-02   2.258892e-02
  1.364000e+07   2.016796e-02   2.176542e-02
  1.366000e+07   1.939984e-02   2.093646e-02
  1.368000e+07   1.859435e-02   2.006717e-02
  1.370000e+07   1.791713e-02   1.933631e-02
  1.372000e+07   1.724397e-02   1.860983e-02
  1.374000e+07   1.657129e-02   1.788387e-02
  1.376000e+07   1.589055e-02   1.714921e-02
  1.378000e+07   1.518909e-02   1.639219e-02
  1.380000e+07   1.460278e-02   1.575944e-02
  1.382000e+07   1.401899e-02   1.512941e-02
  1.384000e+07   1.343419e-02   1.449828e-02
  1.386000e+07   1.283677e-02   1.385354e-02
  1.388000e+07   1.223985e-02   1.320934e-02
  1.390000e+07   1.173989e-02   1.266979e-02
  1.392000e+07   1.124145e-02   1.213186e-02
  1.394000e+07   1.074049e-02   1.159122e-02
  1.396000e+07   1.022235e-02   1.103204e-02
  1.398000e+07   9.727442e-03   1.049793e-02
  1.400000e+07   9.308792e-03   1.004612e-02
  1.402000e+07   8.890141e-03   9.594310e-03
  1.404000e+07   8.466945e-03   9.137594e-03
  1.406000e+07   8.022539e-03   8.657988e-03
  1.408000e+07   7.626109e-03   8.230157e-03
  1.410000e+07   7.281189e-03   7.857917e-03
  1.412000e+07   6.935259e-03   7.484587e-03
  1.414000e+07   6.584280e-03   7.105807e-03
  1.416000e+07   6.204514e-03   6.695961e-03
  1.418000e+07   5.901005e-03   6.368412e-03
  1.420000e+07   5.621231e-03   6.066477e-03
  1.422000e+07   5.340448e-03   5.763453e-03
  1.424000e+07   5.053099e-03   5.453344e-03
  1.426000e+07   4.732924e-03   5.107809e-03
  1.428000e+07   4.509711e-03   4.866916e-03
  1.430000e+07   4.286498e-03   4.626023e-03
  1.432000e+07   4.062275e-03   4.384040e-03
  1.434000e+07   3.830477e-03   4.133881e-03
  1.436000e+07   3.582519e-03   3.866283e-03
  1.438000e+07   3.407786e-03   3.677710e-03
  1.440000e+07   3.232549e-03   3.488592e-03
  1.442000e+07   3.055797e-03   3.297840e-03
  1.444000e+07   2.871469e-03   3.098912e-03
  1.446000e+07   2.685121e-03   2.897804e-03
  1.448000e+07   2.549780e-03   2.751742e-03
  1.450000e+07   2.413933e-03   2.605135e-03
  1.452000e+07   2.276066e-03   2.456348e-03
  1.454000e+07   2.130119e-03   2.298841e-03
  1.456000e+07   1.993767e-03   2.151689e-03
  1.458000e+07   1.890241e-03   2.039963e-03
  1.460000e+07   1.785704e-03   1.927146e-03
  1.462000e+07   1.679653e-03   1.812695e-03
  1.464000e+07   1.565016e-03   1.688978e-03
  1.466000e+07   1.468055e-03   1.584337e-03
  1.468000e+07   1.389274e-03   1.499315e-03
  1.470000e+07   1.309988e-03   1.413749e-03
  1.472000e+07   1.228682e-03   1.326003e-03
  1.474000e+07   1.137780e-03   1.227902e-03
  1.476000e+07   1.071120e-03   1.155961e-03
  1.478000e+07   1.011529e-03   1.091650e-03
  1.480000e+07   9.514329e-04   1.026794e-03
  1.482000e+07   8.893171e-04   9.597580e-04
  1.484000e+07   8.181111e-04   8.829120e-04
  1.486000e+07   7.736705e-04   8.349513e-04
  1.488000e+07   7.292299e-04   7.869907e-04
  1.490000e+07   6.842843e-04   7.384850e-04
  1.492000e+07   6.373187e-04   6.877993e-04
  1.494000e+07   5.863130e-04   6.327536e-04
  1.496000e+07   5.534875e-04   5.973281e-04
  1.498000e+07   5.201571e-04   5.613576e-04
  1.500000e+07   4.863216e-04   5.248421e-04
  1.502000e+07   4.509711e-04   4.866916e-04
  1.504000e+07   4.151156e-04   4.479961e-04
  1.506000e+07   3.903703e-04   4.212907e-04
  1.508000e+07   3.661300e-04   3.951304e-04
  1.510000e+07   3.408796e-04   3.678800e-04
  1.512000e+07   3.141143e-04   3.389946e-04
  1.514000e+07   2.898739e-04   3.128343e-04
  1.516000e+07   2.716937e-04   2.932140e-04
  1.518000e+07   2.535134e-04   2.735937e-04
  1.520000e+07   2.353332e-04   2.539735e-04
  1.522000e+07   2.151329e-04   2.321732e-04
  1.524000e+07   1.984677e-04   2.141879e-04
  1.526000e+07   1.858425e-04   2.005627e-04
  1.528000e+07   1.727123e-04   1.863925e-04
  1.530000e+07   1.590772e-04   1.716773e-04
  1.532000e+07   1.439270e-04   1.553271e-04
  1.534000e+07   1.333218e-04   1.438820e-04
  1.536000e+07   1.242317e-04   1.340718e-04
  1.538000e+07   1.151416e-04   1.242617e-04
  1.540000e+07   1.055464e-04   1.139065e-04
  1.542000e+07   9.443628e-05   1.019164e-04
  1.544000e+07   8.787119e-05   9.483129e-05
  1.546000e+07   8.181111e-05   8.829120e-05
  1.548000e+07   7.524602e-05   8.120610e-05
  1.550000e+07   6.817593e-05   7.357600e-05
  1.552000e+07   6.110583e-05   6.594590e-05
  1.554000e+07   5.656077e-05   6.104083e-05
  1.556000e+07   5.201571e-05   5.613576e-05
  1.558000e+07   4.797565e-05   5.177570e-05
  1.560000e+07   4.292558e-05   4.632563e-05
  1.562000e+07   3.838052e-05   4.142056e-05
  1.564000e+07   3.535048e-05   3.815052e-05
  1.566000e+07   3.232044e-05   3.488047e-05
  1.568000e+07   2.929040e-05   3.161043e-05
  1.570000e+07   2.626036e-05   2.834039e-05
  1.572000e+07   2.323032e-05   2.507034e-05
  1.574000e+07   2.121029e-05   2.289031e-05
  1.576000e+07   1.919026e-05   2.071028e-05
  1.578000e+07   1.717023e-05   1.853025e-05
  1.580000e+07   1.515021e-05   1.635022e-05
  1.582000e+07   1.363519e-05   1.471520e-05
  1.584000e+07   1.212016e-05   1.308018e-05
  1.586000e+07   1.111015e-05   1.199016e-05
  1.588000e+07   9.595130e-06   1.035514e-05
  1.590000e+07   8.080110e-06   8.720119e-06
  1.592000e+07   7.575103e-06   8.175111e-06
  1.594000e+07   6.565089e-06   7.085096e-06
  1.596000e+07   6.060082e-06   6.540089e-06
  1.598000e+07   5.050069e-06   5.450074e-06
  1.600000e+07   4.545062e-06   4.905067e-06
  1.602000e+07   4.040055e-06   4.360059e-06
  1.604000e+07   3.535048e-06   3.815052e-06
  1.606000e+07   3.030041e-06   3.270044e-06
  1.608000e+07   2.525034e-06   2.725037e-06
  1.610000e+07   2.020027e-06   2.180030e-06
