# E [eV] - Phi [eV^-1 cm^-2 s^-1]
  2.238721e-02   3.718713e-06
  2.511886e-02   4.701664e-06
  2.818383e-02   5.960002e-06
  3.162278e-02   7.581888e-06
  3.548134e-02   9.688587e-06
  3.981072e-02   1.244789e-05
  4.466836e-02   1.609383e-05
  5.011872e-02   2.095267e-05
  5.623413e-02   2.748606e-05
  6.309573e-02   3.634280e-05
  7.079458e-02   4.845505e-05
  7.943282e-02   6.514608e-05
  8.912509e-02   8.834358e-05
  1.000000e-01   1.208147e-04
  1.122019e-01   1.666342e-04
  1.258925e-01   2.317172e-04
  1.412538e-01   3.248436e-04
  1.584893e-01   4.588921e-04
  1.778279e-01   6.530940e-04
  1.995262e-01   9.359290e-04
  2.238721e-01   1.350137e-03
  2.511886e-01   1.959571e-03
  2.818383e-01   2.860529e-03
  3.162278e-01   4.198112e-03
  3.548134e-01   6.192380e-03
  3.981072e-01   9.177935e-03
  4.466836e-01   1.366579e-02
  5.011872e-01   2.044108e-02
  5.623413e-01   3.071402e-02
  6.309573e-01   4.636694e-02
  7.079458e-01   7.034182e-02
  7.943282e-01   1.072591e-01
  8.912509e-01   1.644805e-01
  1.000000e+00   2.534975e-01
  1.122019e+00   3.928483e-01
  1.258925e+00   6.104901e-01
  1.412538e+00   9.503734e-01
  1.584893e+00   1.475110e+00
  1.778279e+00   2.274652e+00
  1.995262e+00   3.469214e+00
  2.238721e+00   5.207866e+00
  2.511886e+00   7.677338e+00
  2.818383e+00   1.107190e+01
  3.162278e+00   1.561884e+01
  3.548134e+00   2.151511e+01
  3.981072e+00   2.897322e+01
  4.466836e+00   3.814482e+01
  5.011872e+00   4.917383e+01
  5.623413e+00   6.213834e+01
  6.309573e+00   7.708632e+01
  7.079458e+00   9.401983e+01
  7.943282e+00   1.128915e+02
  8.912509e+00   1.336399e+02
  1.000000e+01   1.561373e+02
  1.122019e+01   1.802736e+02
  1.258925e+01   2.058553e+02
  1.412538e+01   2.327311e+02
  1.584893e+01   2.606481e+02
  1.778279e+01   2.894111e+02
  1.995262e+01   3.187004e+02
  2.238721e+01   3.482655e+02
  2.511886e+01   3.777003e+02
  2.818383e+01   4.066799e+02
  3.162278e+01   4.346883e+02
  3.548134e+01   4.613080e+02
  3.981072e+01   4.859066e+02
  4.466836e+01   5.079729e+02
  5.011872e+01   5.268220e+02
  5.623413e+01   5.418913e+02
  6.309573e+01   5.526990e+02
  7.079458e+01   5.587518e+02
  7.943282e+01   5.604150e+02
  8.912509e+01   5.575774e+02
  1.000000e+02   5.523266e+02
  1.122018e+02   5.459613e+02
  1.258925e+02   5.409124e+02
  1.412537e+02   5.399438e+02
  1.584893e+02   5.420131e+02
  1.778279e+02   5.467926e+02
  1.995262e+02   5.545455e+02
  2.238721e+02   5.647010e+02
  2.511886e+02   5.774374e+02
  2.818383e+02   5.941317e+02
  3.162278e+02   6.129597e+02
  3.548134e+02   6.369907e+02
  3.981072e+02   6.632468e+02
  4.466836e+02   6.927731e+02
  5.011872e+02   7.237876e+02
  5.623413e+02   7.569126e+02
  6.309573e+02   7.891355e+02
  7.079458e+02   8.196877e+02
  7.943282e+02   8.472923e+02
  8.912509e+02   8.685790e+02
  1.000000e+03   8.834595e+02
  1.122018e+03   8.878762e+02
  1.258925e+03   8.822856e+02
  1.412537e+03   8.643536e+02
  1.584893e+03   8.334025e+02
  1.778279e+03   7.900079e+02
  1.995262e+03   7.352867e+02
  2.238721e+03   6.711967e+02
  2.511886e+03   6.004598e+02
  2.818383e+03   5.262133e+02
  3.162278e+03   4.508660e+02
  3.548134e+03   3.772446e+02
  3.981072e+03   3.075662e+02
  4.466836e+03   2.430922e+02
  5.011872e+03   1.841874e+02
  5.623413e+03   1.313011e+02
  6.309573e+03   8.634671e+01
  7.079458e+03   5.426245e+01
  7.943282e+03   3.158560e+01
  8.912509e+03   1.697815e+01
  1.000000e+04   8.354436e+00
