# E [eV] - Phi [eV^-1 cm^-2 s^-1]
  1.000000e+04   7.999705e+02
  1.100000e+04   9.654106e+02
  1.200000e+04   1.145882e+03
  1.300000e+04   1.341261e+03
  1.400000e+04   1.551420e+03
  1.500000e+04   1.776238e+03
  1.600000e+04   2.015588e+03
  1.700000e+04   2.269347e+03
  1.800000e+04   2.537390e+03
  1.900000e+04   2.819596e+03
  2.000000e+04   3.115839e+03
  2.100000e+04   3.425998e+03
  2.200000e+04   3.749949e+03
  2.300000e+04   4.087570e+03
  2.400000e+04   4.438738e+03
  2.500000e+04   4.803332e+03
  2.600000e+04   5.181229e+03
  2.700000e+04   5.572309e+03
  2.800000e+04   5.976449e+03
  2.900000e+04   6.393529e+03
  3.000000e+04   6.823427e+03
  3.100000e+04   7.266025e+03
  3.200000e+04   7.721200e+03
  3.300000e+04   8.188833e+03
  3.400000e+04   8.668804e+03
  3.500000e+04   9.160994e+03
  3.600000e+04   9.665282e+03
  3.700000e+04   1.018155e+04
  3.800000e+04   1.070968e+04
  3.900000e+04   1.124956e+04
  4.000000e+04   1.180105e+04
  4.100000e+04   1.236406e+04
  4.200000e+04   1.293845e+04
  4.300000e+04   1.352411e+04
  4.400000e+04   1.412093e+04
  4.500000e+04   1.472878e+04
  4.600000e+04   1.534755e+04
  4.700000e+04   1.597713e+04
  4.800000e+04   1.661739e+04
  4.900000e+04   1.726822e+04
  5.000000e+04   1.792951e+04
  5.100000e+04   1.860114e+04
  5.200000e+04   1.928298e+04
  5.300000e+04   1.997494e+04
  5.400000e+04   2.067689e+04
  5.500000e+04   2.138872e+04
  5.600000e+04   2.211031e+04
  5.700000e+04   2.284156e+04
  5.800000e+04   2.358234e+04
  5.900000e+04   2.433254e+04
  6.000000e+04   2.509205e+04
  6.100000e+04   2.586075e+04
  6.200000e+04   2.663854e+04
  6.300000e+04   2.742530e+04
  6.400000e+04   2.822091e+04
  6.500000e+04   2.902527e+04
  6.600000e+04   2.983827e+04
  6.700000e+04   3.065978e+04
  6.800000e+04   3.148971e+04
  6.900000e+04   3.232793e+04
  7.000000e+04   3.317434e+04
  7.100000e+04   3.402882e+04
  7.200000e+04   3.489127e+04
  7.300000e+04   3.576158e+04
  7.400000e+04   3.663963e+04
  7.500000e+04   3.752532e+04
  7.600000e+04   3.841853e+04
  7.700000e+04   3.931916e+04
  7.800000e+04   4.022709e+04
  7.900000e+04   4.114223e+04
  8.000000e+04   4.206445e+04
  8.100000e+04   4.299365e+04
  8.200000e+04   4.392972e+04
  8.300000e+04   4.487256e+04
  8.400000e+04   4.582206e+04
  8.500000e+04   4.677810e+04
  8.600000e+04   4.774059e+04
  8.700000e+04   4.870941e+04
  8.800000e+04   4.968446e+04
  8.900000e+04   5.066562e+04
  9.000000e+04   5.165281e+04
  9.100000e+04   5.264590e+04
  9.200000e+04   5.364479e+04
  9.300000e+04   5.464938e+04
  9.400000e+04   5.565956e+04
  9.500000e+04   5.667522e+04
  9.600000e+04   5.769627e+04
  9.700000e+04   5.872259e+04
  9.800000e+04   5.975408e+04
  9.900000e+04   6.079064e+04
  1.000000e+05   6.183216e+04
  1.010000e+05   6.287854e+04
  1.020000e+05   6.392968e+04
  1.030000e+05   6.498546e+04
  1.040000e+05   6.604579e+04
  1.050000e+05   6.711057e+04
  1.060000e+05   6.817969e+04
  1.070000e+05   6.925305e+04
  1.080000e+05   7.033054e+04
  1.090000e+05   7.141207e+04
  1.100000e+05   7.249754e+04
  1.110000e+05   7.358683e+04
  1.120000e+05   7.467985e+04
  1.130000e+05   7.577650e+04
  1.140000e+05   7.687668e+04
  1.150000e+05   7.798028e+04
  1.160000e+05   7.908721e+04
  1.170000e+05   8.019736e+04
  1.180000e+05   8.131064e+04
  1.190000e+05   8.242694e+04
  1.200000e+05   8.354617e+04
  1.210000e+05   8.466822e+04
  1.220000e+05   8.579300e+04
  1.230000e+05   8.692040e+04
  1.240000e+05   8.805033e+04
  1.250000e+05   8.918269e+04
  1.260000e+05   9.031738e+04
  1.270000e+05   9.145430e+04
  1.280000e+05   9.259335e+04
  1.290000e+05   9.373444e+04
  1.300000e+05   9.487746e+04
  1.310000e+05   9.602233e+04
  1.320000e+05   9.716894e+04
  1.330000e+05   9.831719e+04
  1.340000e+05   9.946699e+04
  1.350000e+05   1.006182e+05
  1.360000e+05   1.017709e+05
  1.370000e+05   1.029247e+05
  1.380000e+05   1.040798e+05
  1.390000e+05   1.052359e+05
  1.400000e+05   1.063929e+05
  1.410000e+05   1.075509e+05
  1.420000e+05   1.087096e+05
  1.430000e+05   1.098690e+05
  1.440000e+05   1.110290e+05
  1.450000e+05   1.121895e+05
  1.460000e+05   1.133504e+05
  1.470000e+05   1.145116e+05
  1.480000e+05   1.156729e+05
  1.490000e+05   1.168345e+05
  1.500000e+05   1.179960e+05
  1.510000e+05   1.191575e+05
  1.520000e+05   1.203188e+05
  1.530000e+05   1.214799e+05
  1.540000e+05   1.226406e+05
  1.550000e+05   1.238008e+05
  1.560000e+05   1.249605e+05
  1.570000e+05   1.261196e+05
  1.580000e+05   1.272780e+05
  1.590000e+05   1.284355e+05
  1.600000e+05   1.295922e+05
  1.610000e+05   1.307478e+05
  1.620000e+05   1.319024e+05
  1.630000e+05   1.330558e+05
  1.640000e+05   1.342078e+05
  1.650000e+05   1.353586e+05
  1.660000e+05   1.365079e+05
  1.670000e+05   1.376556e+05
  1.680000e+05   1.388017e+05
  1.690000e+05   1.399460e+05
  1.700000e+05   1.410886e+05
  1.710000e+05   1.422292e+05
  1.720000e+05   1.433679e+05
  1.730000e+05   1.445044e+05
  1.740000e+05   1.456388e+05
  1.750000e+05   1.467708e+05
  1.760000e+05   1.479006e+05
  1.770000e+05   1.490279e+05
  1.780000e+05   1.501526e+05
  1.790000e+05   1.512747e+05
  1.800000e+05   1.523941e+05
  1.810000e+05   1.535107e+05
  1.820000e+05   1.546244e+05
  1.830000e+05   1.557351e+05
  1.840000e+05   1.568427e+05
  1.850000e+05   1.579472e+05
  1.860000e+05   1.590484e+05
  1.870000e+05   1.601463e+05
  1.880000e+05   1.612408e+05
  1.890000e+05   1.623318e+05
  1.900000e+05   1.634191e+05
  1.910000e+05   1.645028e+05
  1.920000e+05   1.655826e+05
  1.930000e+05   1.666586e+05
  1.940000e+05   1.677307e+05
  1.950000e+05   1.687987e+05
  1.960000e+05   1.698626e+05
  1.970000e+05   1.709223e+05
  1.980000e+05   1.719777e+05
  1.990000e+05   1.730287e+05
  2.000000e+05   1.740752e+05
  2.010000e+05   1.751172e+05
  2.020000e+05   1.761545e+05
  2.030000e+05   1.771870e+05
  2.040000e+05   1.782148e+05
  2.050000e+05   1.792376e+05
  2.060000e+05   1.802555e+05
  2.070000e+05   1.812682e+05
  2.080000e+05   1.822758e+05
  2.090000e+05   1.832782e+05
  2.100000e+05   1.842752e+05
  2.110000e+05   1.852668e+05
  2.120000e+05   1.862528e+05
  2.130000e+05   1.872333e+05
  2.140000e+05   1.882081e+05
  2.150000e+05   1.891771e+05
  2.160000e+05   1.901402e+05
  2.170000e+05   1.910974e+05
  2.180000e+05   1.920486e+05
  2.190000e+05   1.929936e+05
  2.200000e+05   1.939325e+05
  2.210000e+05   1.948651e+05
  2.220000e+05   1.957913e+05
  2.230000e+05   1.967110e+05
  2.240000e+05   1.976242e+05
  2.250000e+05   1.985308e+05
  2.260000e+05   1.994306e+05
  2.270000e+05   2.003237e+05
  2.280000e+05   2.012099e+05
  2.290000e+05   2.020890e+05
  2.300000e+05   2.029612e+05
  2.310000e+05   2.038261e+05
  2.320000e+05   2.046839e+05
  2.330000e+05   2.055343e+05
  2.340000e+05   2.063773e+05
  2.350000e+05   2.072128e+05
  2.360000e+05   2.080408e+05
  2.370000e+05   2.088611e+05
  2.380000e+05   2.096736e+05
  2.390000e+05   2.104783e+05
  2.400000e+05   2.112751e+05
  2.410000e+05   2.120638e+05
  2.420000e+05   2.128445e+05
  2.430000e+05   2.136169e+05
  2.440000e+05   2.143811e+05
  2.450000e+05   2.151370e+05
  2.460000e+05   2.158843e+05
  2.470000e+05   2.166232e+05
  2.480000e+05   2.173534e+05
  2.490000e+05   2.180749e+05
  2.500000e+05   2.187876e+05
  2.510000e+05   2.194914e+05
  2.520000e+05   2.201863e+05
  2.530000e+05   2.208720e+05
  2.540000e+05   2.215487e+05
  2.550000e+05   2.222160e+05
  2.560000e+05   2.228741e+05
  2.570000e+05   2.235227e+05
  2.580000e+05   2.241618e+05
  2.590000e+05   2.247912e+05
  2.600000e+05   2.254110e+05
  2.610000e+05   2.260210e+05
  2.620000e+05   2.266212e+05
  2.630000e+05   2.272113e+05
  2.640000e+05   2.277914e+05
  2.650000e+05   2.283613e+05
  2.660000e+05   2.289210e+05
  2.670000e+05   2.294704e+05
  2.680000e+05   2.300093e+05
  2.690000e+05   2.305376e+05
  2.700000e+05   2.310554e+05
  2.710000e+05   2.315624e+05
  2.720000e+05   2.320586e+05
  2.730000e+05   2.325440e+05
  2.740000e+05   2.330182e+05
  2.750000e+05   2.334815e+05
  2.760000e+05   2.339335e+05
  2.770000e+05   2.343742e+05
  2.780000e+05   2.348035e+05
  2.790000e+05   2.352213e+05
  2.800000e+05   2.356275e+05
  2.810000e+05   2.360220e+05
  2.820000e+05   2.364047e+05
  2.830000e+05   2.367756e+05
  2.840000e+05   2.371344e+05
  2.850000e+05   2.374811e+05
  2.860000e+05   2.378156e+05
  2.870000e+05   2.381378e+05
  2.880000e+05   2.384476e+05
  2.890000e+05   2.387448e+05
  2.900000e+05   2.390294e+05
  2.910000e+05   2.393013e+05
  2.920000e+05   2.395604e+05
  2.930000e+05   2.398064e+05
  2.940000e+05   2.400394e+05
  2.950000e+05   2.402592e+05
  2.960000e+05   2.404658e+05
  2.970000e+05   2.406589e+05
  2.980000e+05   2.408384e+05
  2.990000e+05   2.410044e+05
  3.000000e+05   2.411566e+05
  3.010000e+05   2.412949e+05
  3.020000e+05   2.414191e+05
  3.030000e+05   2.415293e+05
  3.040000e+05   2.416253e+05
  3.050000e+05   2.417068e+05
  3.060000e+05   2.417739e+05
  3.070000e+05   2.418263e+05
  3.080000e+05   2.418640e+05
  3.090000e+05   2.418868e+05
  3.100000e+05   2.418946e+05
  3.110000e+05   2.418872e+05
  3.120000e+05   2.418646e+05
  3.130000e+05   2.418265e+05
  3.140000e+05   2.417728e+05
  3.150000e+05   2.417035e+05
  3.160000e+05   2.416182e+05
  3.170000e+05   2.415170e+05
  3.180000e+05   2.413997e+05
  3.190000e+05   2.412660e+05
  3.200000e+05   2.411159e+05
  3.210000e+05   2.409491e+05
  3.220000e+05   2.407656e+05
  3.230000e+05   2.405651e+05
  3.240000e+05   2.403476e+05
  3.250000e+05   2.401128e+05
  3.260000e+05   2.398605e+05
  3.270000e+05   2.395907e+05
  3.280000e+05   2.393030e+05
  3.290000e+05   2.389974e+05
  3.300000e+05   2.386736e+05
  3.310000e+05   2.383315e+05
  3.320000e+05   2.379708e+05
  3.330000e+05   2.375914e+05
  3.340000e+05   2.371930e+05
  3.350000e+05   2.367755e+05
  3.360000e+05   2.363387e+05
  3.370000e+05   2.358823e+05
  3.380000e+05   2.354061e+05
  3.390000e+05   2.349099e+05
  3.400000e+05   2.343935e+05
  3.410000e+05   2.338566e+05
  3.420000e+05   2.332990e+05
  3.430000e+05   2.327204e+05
  3.440000e+05   2.321205e+05
  3.450000e+05   2.314992e+05
  3.460000e+05   2.308562e+05
  3.470000e+05   2.301911e+05
  3.480000e+05   2.295037e+05
  3.490000e+05   2.287937e+05
  3.500000e+05   2.280608e+05
  3.510000e+05   2.273046e+05
  3.520000e+05   2.265250e+05
  3.530000e+05   2.257214e+05
  3.540000e+05   2.248937e+05
  3.550000e+05   2.240414e+05
  3.560000e+05   2.231642e+05
  3.570000e+05   2.222617e+05
  3.580000e+05   2.213335e+05
  3.590000e+05   2.203793e+05
  3.600000e+05   2.193985e+05
  3.610000e+05   2.183908e+05
  3.620000e+05   2.173558e+05
  3.630000e+05   2.162929e+05
  3.640000e+05   2.152017e+05
  3.650000e+05   2.140817e+05
  3.660000e+05   2.129324e+05
  3.670000e+05   2.117532e+05
  3.680000e+05   2.105436e+05
  3.690000e+05   2.093029e+05
  3.700000e+05   2.080307e+05
  3.710000e+05   2.067261e+05
  3.720000e+05   2.053886e+05
  3.730000e+05   2.040175e+05
  3.740000e+05   2.026120e+05
  3.750000e+05   2.011714e+05
  3.760000e+05   1.996949e+05
  3.770000e+05   1.981815e+05
  3.780000e+05   1.966305e+05
  3.790000e+05   1.950408e+05
  3.800000e+05   1.934115e+05
  3.810000e+05   1.917416e+05
  3.820000e+05   1.900300e+05
  3.830000e+05   1.882754e+05
  3.840000e+05   1.864766e+05
  3.850000e+05   1.846324e+05
  3.860000e+05   1.827413e+05
  3.870000e+05   1.808018e+05
  3.880000e+05   1.788124e+05
  3.890000e+05   1.767713e+05
  3.900000e+05   1.746767e+05
  3.910000e+05   1.725267e+05
  3.920000e+05   1.703191e+05
  3.930000e+05   1.680517e+05
  3.940000e+05   1.657220e+05
  3.950000e+05   1.633274e+05
  3.960000e+05   1.608650e+05
  3.970000e+05   1.583315e+05
  3.980000e+05   1.557236e+05
  3.990000e+05   1.530375e+05
  4.000000e+05   1.502690e+05
  4.010000e+05   1.474135e+05
  4.020000e+05   1.444658e+05
  4.030000e+05   1.414202e+05
  4.040000e+05   1.382703e+05
  4.050000e+05   1.350089e+05
  4.060000e+05   1.316275e+05
  4.070000e+05   1.281170e+05
  4.080000e+05   1.244663e+05
  4.090000e+05   1.206629e+05
  4.100000e+05   1.166917e+05
  4.110000e+05   1.125353e+05
  4.120000e+05   1.081723e+05
  4.130000e+05   1.035766e+05
  4.140000e+05   9.871603e+04
  4.150000e+05   9.354927e+04
  4.160000e+05   8.802260e+04
  4.170000e+05   8.206349e+04
  4.180000e+05   7.556986e+04
  4.190000e+05   6.838983e+04
  4.200000e+05   6.027883e+04
  4.210000e+05   5.079311e+04
  4.220000e+05   3.894106e+04
  4.230000e+05   2.104676e+04
