# E [eV] - Phi [eV^-1 cm^-2 s^-1]
  2.000000e+04   4.437600e-05
  4.000000e+04   1.754400e-04
  6.000000e+04   3.880320e-04
  8.000000e+04   6.780240e-04
  1.000000e+05   1.041804e-03
  1.200000e+05   1.475244e-03
  1.400000e+05   1.973700e-03
  1.600000e+05   2.534592e-03
  1.800000e+05   3.153792e-03
  2.000000e+05   3.827172e-03
  2.200000e+05   4.550604e-03
  2.400000e+05   5.320992e-03
  2.600000e+05   6.132660e-03
  2.800000e+05   6.980448e-03
  3.000000e+05   7.853520e-03
  3.200000e+05   8.730204e-03
  3.400000e+05   9.622368e-03
  3.600000e+05   1.069668e-02
  3.800000e+05   1.181692e-02
  4.000000e+05   1.298050e-02
  4.200000e+05   1.418123e-02
  4.400000e+05   1.542685e-02
  4.600000e+05   1.673749e-02
  4.800000e+05   1.808993e-02
  5.000000e+05   1.948158e-02
  5.200000e+05   2.090368e-02
  5.400000e+05   2.237479e-02
  5.600000e+05   2.391299e-02
  5.800000e+05   2.549195e-02
  6.000000e+05   2.710909e-02
  6.200000e+05   2.875978e-02
  6.400000e+05   3.045638e-02
  6.600000e+05   3.220098e-02
  6.800000e+05   3.398273e-02
  7.000000e+05   3.580060e-02
  7.200000e+05   3.765149e-02
  7.400000e+05   3.954263e-02
  7.600000e+05   4.147247e-02
  7.800000e+05   4.343585e-02
  8.000000e+05   4.543070e-02
  8.200000e+05   4.745239e-02
  8.400000e+05   4.951846e-02
  8.600000e+05   5.161909e-02
  8.800000e+05   5.374914e-02
  9.000000e+05   5.590757e-02
  9.200000e+05   5.808509e-02
  9.400000e+05   6.031627e-02
  9.600000e+05   6.257790e-02
  9.800000e+05   6.486688e-02
  1.000000e+06   6.718114e-02
  1.020000e+06   6.951346e-02
  1.040000e+06   7.189686e-02
  1.060000e+06   7.430606e-02
  1.080000e+06   7.674055e-02
  1.100000e+06   7.919774e-02
  1.120000e+06   8.167454e-02
  1.140000e+06   8.419469e-02
  1.160000e+06   8.673805e-02
  1.180000e+06   8.930515e-02
  1.200000e+06   9.189289e-02
  1.220000e+06   9.450024e-02
  1.240000e+06   9.714268e-02
  1.260000e+06   9.980627e-02
  1.280000e+06   1.024905e-01
  1.300000e+06   1.051938e-01
  1.320000e+06   1.079162e-01
  1.340000e+06   1.106660e-01
  1.360000e+06   1.134349e-01
  1.380000e+06   1.162207e-01
  1.400000e+06   1.190221e-01
  1.420000e+06   1.218420e-01
  1.440000e+06   1.246909e-01
  1.460000e+06   1.275567e-01
  1.480000e+06   1.304381e-01
  1.500000e+06   1.333318e-01
  1.520000e+06   1.362446e-01
  1.540000e+06   1.391812e-01
  1.560000e+06   1.421322e-01
  1.580000e+06   1.450966e-01
  1.600000e+06   1.480729e-01
  1.620000e+06   1.510657e-01
  1.640000e+06   1.540771e-01
  1.660000e+06   1.571014e-01
  1.680000e+06   1.601365e-01
  1.700000e+06   1.631814e-01
  1.720000e+06   1.662418e-01
  1.740000e+06   1.693166e-01
  1.760000e+06   1.724008e-01
  1.780000e+06   1.754942e-01
  1.800000e+06   1.785917e-01
  1.820000e+06   1.817104e-01
  1.840000e+06   1.848415e-01
  1.860000e+06   1.879809e-01
  1.880000e+06   1.911269e-01
  1.900000e+06   1.942755e-01
  1.920000e+06   1.974448e-01
  1.940000e+06   2.006218e-01
  1.960000e+06   2.038050e-01
  1.980000e+06   2.069934e-01
  2.000000e+06   2.101823e-01
  2.020000e+06   2.133923e-01
  2.040000e+06   2.166075e-01
  2.060000e+06   2.198268e-01
  2.080000e+06   2.230498e-01
  2.100000e+06   2.262727e-01
  2.120000e+06   2.295132e-01
  2.140000e+06   2.327568e-01
  2.160000e+06   2.360034e-01
  2.180000e+06   2.392506e-01
  2.200000e+06   2.424988e-01
  2.220000e+06   2.457610e-01
  2.240000e+06   2.490247e-01
  2.260000e+06   2.522899e-01
  2.280000e+06   2.555542e-01
  2.300000e+06   2.588189e-01
  2.320000e+06   2.620945e-01
  2.340000e+06   2.653700e-01
  2.360000e+06   2.686451e-01
  2.380000e+06   2.719176e-01
  2.400000e+06   2.751905e-01
  2.420000e+06   2.784733e-01
  2.440000e+06   2.817546e-01
  2.460000e+06   2.850338e-01
  2.480000e+06   2.883083e-01
  2.500000e+06   2.915839e-01
  2.520000e+06   2.948651e-01
  2.540000e+06   2.981438e-01
  2.560000e+06   3.014178e-01
  2.580000e+06   3.046856e-01
  2.600000e+06   3.079560e-01
  2.620000e+06   3.112295e-01
  2.640000e+06   3.144979e-01
  2.660000e+06   3.177611e-01
  2.680000e+06   3.210160e-01
  2.700000e+06   3.242745e-01
  2.720000e+06   3.275325e-01
  2.740000e+06   3.307844e-01
  2.760000e+06   3.340300e-01
  2.780000e+06   3.372643e-01
  2.800000e+06   3.405048e-01
  2.820000e+06   3.437417e-01
  2.840000e+06   3.469713e-01
  2.860000e+06   3.501922e-01
  2.880000e+06   3.534001e-01
  2.900000e+06   3.566174e-01
  2.920000e+06   3.598269e-01
  2.940000e+06   3.630282e-01
  2.960000e+06   3.662202e-01
  2.980000e+06   3.693998e-01
  3.000000e+06   3.725835e-01
  3.020000e+06   3.757584e-01
  3.040000e+06   3.789236e-01
  3.060000e+06   3.820779e-01
  3.080000e+06   3.852208e-01
  3.100000e+06   3.883653e-01
  3.120000e+06   3.914995e-01
  3.140000e+06   3.946234e-01
  3.160000e+06   3.977349e-01
  3.180000e+06   4.008345e-01
  3.200000e+06   4.039346e-01
  3.220000e+06   4.070239e-01
  3.240000e+06   4.101013e-01
  3.260000e+06   4.131648e-01
  3.280000e+06   4.162180e-01
  3.300000e+06   4.192675e-01
  3.320000e+06   4.223047e-01
  3.340000e+06   4.253290e-01
  3.360000e+06   4.283378e-01
  3.380000e+06   4.313373e-01
  3.400000e+06   4.343327e-01
  3.420000e+06   4.373146e-01
  3.440000e+06   4.402832e-01
  3.460000e+06   4.432352e-01
  3.480000e+06   4.461785e-01
  3.500000e+06   4.491135e-01
  3.520000e+06   4.520346e-01
  3.540000e+06   4.549407e-01
  3.560000e+06   4.578287e-01
  3.580000e+06   4.607101e-01
  3.600000e+06   4.635811e-01
  3.620000e+06   4.664367e-01
  3.640000e+06   4.692762e-01
  3.660000e+06   4.720956e-01
  3.680000e+06   4.749114e-01
  3.700000e+06   4.777149e-01
  3.720000e+06   4.805013e-01
  3.740000e+06   4.832711e-01
  3.760000e+06   4.860183e-01
  3.780000e+06   4.887660e-01
  3.800000e+06   4.914972e-01
  3.820000e+06   4.942114e-01
  3.840000e+06   4.969075e-01
  3.860000e+06   4.995824e-01
  3.880000e+06   5.022543e-01
  3.900000e+06   5.049091e-01
  3.920000e+06   5.075464e-01
  3.940000e+06   5.101640e-01
  3.960000e+06   5.127611e-01
  3.980000e+06   5.153540e-01
  4.000000e+06   5.179288e-01
  4.020000e+06   5.204846e-01
  4.040000e+06   5.230207e-01
  4.060000e+06   5.255367e-01
  4.080000e+06   5.280476e-01
  4.100000e+06   5.305393e-01
  4.120000e+06   5.330115e-01
  4.140000e+06   5.354635e-01
  4.160000e+06   5.378965e-01
  4.180000e+06   5.403217e-01
  4.200000e+06   5.427272e-01
  4.220000e+06   5.451127e-01
  4.240000e+06   5.474760e-01
  4.260000e+06   5.498233e-01
  4.280000e+06   5.521597e-01
  4.300000e+06   5.544761e-01
  4.320000e+06   5.567712e-01
  4.340000e+06   5.590437e-01
  4.360000e+06   5.613012e-01
  4.380000e+06   5.635453e-01
  4.400000e+06   5.657687e-01
  4.420000e+06   5.679700e-01
  4.440000e+06   5.701465e-01
  4.460000e+06   5.723126e-01
  4.480000e+06   5.744623e-01
  4.500000e+06   5.765913e-01
  4.520000e+06   5.786976e-01
  4.540000e+06   5.807771e-01
  4.560000e+06   5.828499e-01
  4.580000e+06   5.849035e-01
  4.600000e+06   5.869350e-01
  4.620000e+06   5.889438e-01
  4.640000e+06   5.909253e-01
  4.660000e+06   5.929015e-01
  4.680000e+06   5.948562e-01
  4.700000e+06   5.967881e-01
  4.720000e+06   5.986962e-01
  4.740000e+06   6.005786e-01
  4.760000e+06   6.024542e-01
  4.780000e+06   6.043077e-01
  4.800000e+06   6.061380e-01
  4.820000e+06   6.079435e-01
  4.840000e+06   6.097252e-01
  4.860000e+06   6.114977e-01
  4.880000e+06   6.132479e-01
  4.900000e+06   6.149745e-01
  4.920000e+06   6.166762e-01
  4.940000e+06   6.183548e-01
  4.960000e+06   6.200230e-01
  4.980000e+06   6.216685e-01
  5.000000e+06   6.232898e-01
  5.020000e+06   6.248858e-01
  5.040000e+06   6.264612e-01
  5.060000e+06   6.280236e-01
  5.080000e+06   6.295623e-01
  5.100000e+06   6.310773e-01
  5.120000e+06   6.325654e-01
  5.140000e+06   6.340350e-01
  5.160000e+06   6.354901e-01
  5.180000e+06   6.369215e-01
  5.200000e+06   6.383281e-01
  5.220000e+06   6.397074e-01
  5.240000e+06   6.410707e-01
  5.260000e+06   6.424174e-01
  5.280000e+06   6.437394e-01
  5.300000e+06   6.450371e-01
  5.320000e+06   6.463055e-01
  5.340000e+06   6.475619e-01
  5.360000e+06   6.487983e-01
  5.380000e+06   6.500098e-01
  5.400000e+06   6.511966e-01
  5.420000e+06   6.523530e-01
  5.440000e+06   6.535011e-01
  5.460000e+06   6.546265e-01
  5.480000e+06   6.557266e-01
  5.500000e+06   6.568014e-01
  5.520000e+06   6.578463e-01
  5.540000e+06   6.588840e-01
  5.560000e+06   6.598964e-01
  5.580000e+06   6.608845e-01
  5.600000e+06   6.618469e-01
  5.620000e+06   6.627814e-01
  5.640000e+06   6.637060e-01
  5.660000e+06   6.646064e-01
  5.680000e+06   6.654816e-01
  5.700000e+06   6.663299e-01
  5.720000e+06   6.671529e-01
  5.740000e+06   6.679656e-01
  5.760000e+06   6.687525e-01
  5.780000e+06   6.695146e-01
  5.800000e+06   6.702494e-01
  5.820000e+06   6.709610e-01
  5.840000e+06   6.716602e-01
  5.860000e+06   6.723351e-01
  5.880000e+06   6.729837e-01
  5.900000e+06   6.736050e-01
  5.920000e+06   6.742061e-01
  5.940000e+06   6.747918e-01
  5.960000e+06   6.753537e-01
  5.980000e+06   6.758888e-01
  6.000000e+06   6.763960e-01
  6.020000e+06   6.768862e-01
  6.040000e+06   6.773599e-01
  6.060000e+06   6.778083e-01
  6.080000e+06   6.782314e-01
  6.100000e+06   6.786251e-01
  6.120000e+06   6.790054e-01
  6.140000e+06   6.793656e-01
  6.160000e+06   6.797010e-01
  6.180000e+06   6.800096e-01
  6.200000e+06   6.802882e-01
  6.220000e+06   6.805586e-01
  6.240000e+06   6.808063e-01
  6.260000e+06   6.810282e-01
  6.280000e+06   6.812248e-01
  6.300000e+06   6.813909e-01
  6.320000e+06   6.815509e-01
  6.340000e+06   6.816850e-01
  6.360000e+06   6.817954e-01
  6.380000e+06   6.818785e-01
  6.400000e+06   6.819342e-01
  6.420000e+06   6.819822e-01
  6.440000e+06   6.820055e-01
  6.460000e+06   6.820034e-01
  6.480000e+06   6.819755e-01
  6.500000e+06   6.819213e-01
  6.520000e+06   6.818579e-01
  6.540000e+06   6.817696e-01
  6.560000e+06   6.816566e-01
  6.580000e+06   6.815168e-01
  6.600000e+06   6.813543e-01
  6.620000e+06   6.811809e-01
  6.640000e+06   6.809827e-01
  6.660000e+06   6.807598e-01
  6.680000e+06   6.805096e-01
  6.700000e+06   6.802402e-01
  6.720000e+06   6.799569e-01
  6.740000e+06   6.796504e-01
  6.760000e+06   6.793186e-01
  6.780000e+06   6.789590e-01
  6.800000e+06   6.785839e-01
  6.820000e+06   6.781927e-01
  6.840000e+06   6.777779e-01
  6.860000e+06   6.773377e-01
  6.880000e+06   6.768692e-01
  6.900000e+06   6.763898e-01
  6.920000e+06   6.758919e-01
  6.940000e+06   6.753702e-01
  6.960000e+06   6.748238e-01
  6.980000e+06   6.742464e-01
  7.000000e+06   6.736648e-01
  7.020000e+06   6.730616e-01
  7.040000e+06   6.724337e-01
  7.060000e+06   6.717809e-01
  7.080000e+06   6.710993e-01
  7.100000e+06   6.704151e-01
  7.120000e+06   6.697071e-01
  7.140000e+06   6.689765e-01
  7.160000e+06   6.682205e-01
  7.180000e+06   6.674377e-01
  7.200000e+06   6.666508e-01
  7.220000e+06   6.658407e-01
  7.240000e+06   6.650074e-01
  7.260000e+06   6.641488e-01
  7.280000e+06   6.632674e-01
  7.300000e+06   6.623789e-01
  7.320000e+06   6.614681e-01
  7.340000e+06   6.605342e-01
  7.360000e+06   6.595749e-01
  7.380000e+06   6.585961e-01
  7.400000e+06   6.576079e-01
  7.420000e+06   6.565976e-01
  7.440000e+06   6.555646e-01
  7.460000e+06   6.545057e-01
  7.480000e+06   6.534314e-01
  7.500000e+06   6.523453e-01
  7.520000e+06   6.512374e-01
  7.540000e+06   6.501069e-01
  7.560000e+06   6.489500e-01
  7.580000e+06   6.477828e-01
  7.600000e+06   6.466011e-01
  7.620000e+06   6.453984e-01
  7.640000e+06   6.441729e-01
  7.660000e+06   6.429200e-01
  7.680000e+06   6.416620e-01
  7.700000e+06   6.403870e-01
  7.720000e+06   6.390908e-01
  7.740000e+06   6.377714e-01
  7.760000e+06   6.364241e-01
  7.780000e+06   6.350789e-01
  7.800000e+06   6.337125e-01
  7.820000e+06   6.323260e-01
  7.840000e+06   6.309168e-01
  7.860000e+06   6.294818e-01
  7.880000e+06   6.280473e-01
  7.900000e+06   6.265922e-01
  7.920000e+06   6.251170e-01
  7.940000e+06   6.236195e-01
  7.960000e+06   6.220994e-01
  7.980000e+06   6.205777e-01
  8.000000e+06   6.190369e-01
  8.020000e+06   6.174755e-01
  8.040000e+06   6.158914e-01
  8.060000e+06   6.142892e-01
  8.080000e+06   6.126834e-01
  8.100000e+06   6.110585e-01
  8.120000e+06   6.094135e-01
  8.140000e+06   6.077458e-01
  8.160000e+06   6.060642e-01
  8.180000e+06   6.043764e-01
  8.200000e+06   6.026694e-01
  8.220000e+06   6.009434e-01
  8.240000e+06   5.991937e-01
  8.260000e+06   5.974351e-01
  8.280000e+06   5.956683e-01
  8.300000e+06   5.938830e-01
  8.320000e+06   5.920780e-01
  8.340000e+06   5.902493e-01
  8.360000e+06   5.884180e-01
  8.380000e+06   5.865749e-01
  8.400000e+06   5.847137e-01
  8.420000e+06   5.828334e-01
  8.440000e+06   5.809283e-01
  8.460000e+06   5.790273e-01
  8.480000e+06   5.771109e-01
  8.500000e+06   5.751769e-01
  8.520000e+06   5.732244e-01
  8.540000e+06   5.712476e-01
  8.560000e+06   5.692775e-01
  8.580000e+06   5.672904e-01
  8.600000e+06   5.652868e-01
  8.620000e+06   5.632641e-01
  8.640000e+06   5.612217e-01
  8.660000e+06   5.591840e-01
  8.680000e+06   5.571298e-01
  8.700000e+06   5.550591e-01
  8.720000e+06   5.529693e-01
  8.740000e+06   5.508641e-01
  8.760000e+06   5.487614e-01
  8.780000e+06   5.466437e-01
  8.800000e+06   5.445090e-01
  8.820000e+06   5.423568e-01
  8.840000e+06   5.401921e-01
  8.860000e+06   5.380280e-01
  8.880000e+06   5.358485e-01
  8.900000e+06   5.336534e-01
  8.920000e+06   5.314387e-01
  8.940000e+06   5.292189e-01
  8.960000e+06   5.269954e-01
  8.980000e+06   5.247581e-01
  9.000000e+06   5.225047e-01
  9.020000e+06   5.202322e-01
  9.040000e+06   5.179598e-01
  9.060000e+06   5.156821e-01
  9.080000e+06   5.133906e-01
  9.100000e+06   5.110841e-01
  9.120000e+06   5.087559e-01
  9.140000e+06   5.064365e-01
  9.160000e+06   5.041072e-01
  9.180000e+06   5.017646e-01
  9.200000e+06   4.994070e-01
  9.220000e+06   4.970293e-01
  9.240000e+06   4.946639e-01
  9.260000e+06   4.922862e-01
  9.280000e+06   4.898956e-01
  9.300000e+06   4.874905e-01
  9.320000e+06   4.850689e-01
  9.340000e+06   4.826581e-01
  9.360000e+06   4.802355e-01
  9.380000e+06   4.778010e-01
  9.400000e+06   4.753516e-01
  9.420000e+06   4.728903e-01
  9.440000e+06   4.704382e-01
  9.460000e+06   4.679748e-01
  9.480000e+06   4.654996e-01
  9.500000e+06   4.630104e-01
  9.520000e+06   4.605135e-01
  9.540000e+06   4.580233e-01
  9.560000e+06   4.555232e-01
  9.580000e+06   4.530114e-01
  9.600000e+06   4.504845e-01
  9.620000e+06   4.479566e-01
  9.640000e+06   4.454324e-01
  9.660000e+06   4.428983e-01
  9.680000e+06   4.403534e-01
  9.700000e+06   4.377930e-01
  9.720000e+06   4.352377e-01
  9.740000e+06   4.326830e-01
  9.760000e+06   4.301185e-01
  9.780000e+06   4.275437e-01
  9.800000e+06   4.249523e-01
  9.820000e+06   4.223749e-01
  9.840000e+06   4.197934e-01
  9.860000e+06   4.172025e-01
  9.880000e+06   4.146024e-01
  9.900000e+06   4.119847e-01
  9.920000e+06   4.093877e-01
  9.940000e+06   4.067829e-01
  9.960000e+06   4.041699e-01
  9.980000e+06   4.015471e-01
  1.000000e+07   3.989119e-01
  1.002000e+07   3.962952e-01
  1.004000e+07   3.936714e-01
  1.006000e+07   3.910403e-01
  1.008000e+07   3.883994e-01
  1.010000e+07   3.857508e-01
  1.012000e+07   3.831181e-01
  1.014000e+07   3.804793e-01
  1.016000e+07   3.778338e-01
  1.018000e+07   3.751779e-01
  1.020000e+07   3.725200e-01
  1.022000e+07   3.698760e-01
  1.024000e+07   3.672259e-01
  1.026000e+07   3.645695e-01
  1.028000e+07   3.619023e-01
  1.030000e+07   3.592402e-01
  1.032000e+07   3.565880e-01
  1.034000e+07   3.539311e-01
  1.036000e+07   3.512680e-01
  1.038000e+07   3.485931e-01
  1.040000e+07   3.459310e-01
  1.042000e+07   3.432752e-01
  1.044000e+07   3.406152e-01
  1.046000e+07   3.379490e-01
  1.048000e+07   3.352695e-01
  1.050000e+07   3.326136e-01
  1.052000e+07   3.299583e-01
  1.054000e+07   3.272988e-01
  1.056000e+07   3.246337e-01
  1.058000e+07   3.219561e-01
  1.060000e+07   3.193075e-01
  1.062000e+07   3.166563e-01
  1.064000e+07   3.140020e-01
  1.066000e+07   3.113420e-01
  1.068000e+07   3.086743e-01
  1.070000e+07   3.060339e-01
  1.072000e+07   3.033915e-01
  1.074000e+07   3.007460e-01
  1.076000e+07   2.980953e-01
  1.078000e+07   2.954430e-01
  1.080000e+07   2.928140e-01
  1.082000e+07   2.901845e-01
  1.084000e+07   2.875518e-01
  1.086000e+07   2.849140e-01
  1.088000e+07   2.822809e-01
  1.090000e+07   2.796679e-01
  1.092000e+07   2.770549e-01
  1.094000e+07   2.744392e-01
  1.096000e+07   2.718175e-01
  1.098000e+07   2.692085e-01
  1.100000e+07   2.666162e-01
  1.102000e+07   2.640227e-01
  1.104000e+07   2.614288e-01
  1.106000e+07   2.588256e-01
  1.108000e+07   2.562461e-01
  1.110000e+07   2.536780e-01
  1.112000e+07   2.511099e-01
  1.114000e+07   2.485407e-01
  1.116000e+07   2.459597e-01
  1.118000e+07   2.434163e-01
  1.120000e+07   2.408760e-01
  1.122000e+07   2.383368e-01
  1.124000e+07   2.357965e-01
  1.126000e+07   2.332480e-01
  1.128000e+07   2.307377e-01
  1.130000e+07   2.282299e-01
  1.132000e+07   2.257232e-01
  1.134000e+07   2.232154e-01
  1.136000e+07   2.207056e-01
  1.138000e+07   2.182309e-01
  1.140000e+07   2.157587e-01
  1.142000e+07   2.132886e-01
  1.144000e+07   2.108164e-01
  1.146000e+07   2.083494e-01
  1.148000e+07   2.059139e-01
  1.150000e+07   2.034825e-01
  1.152000e+07   2.010527e-01
  1.154000e+07   1.986203e-01
  1.156000e+07   1.962013e-01
  1.158000e+07   1.938096e-01
  1.160000e+07   1.914215e-01
  1.162000e+07   1.890361e-01
  1.164000e+07   1.866465e-01
  1.166000e+07   1.842806e-01
  1.168000e+07   1.819364e-01
  1.170000e+07   1.795964e-01
  1.172000e+07   1.772584e-01
  1.174000e+07   1.749137e-01
  1.176000e+07   1.726066e-01
  1.178000e+07   1.703135e-01
  1.180000e+07   1.680251e-01
  1.182000e+07   1.657387e-01
  1.184000e+07   1.634435e-01
  1.186000e+07   1.611989e-01
  1.188000e+07   1.589605e-01
  1.190000e+07   1.567267e-01
  1.192000e+07   1.544950e-01
  1.194000e+07   1.522608e-01
  1.196000e+07   1.500745e-01
  1.198000e+07   1.478944e-01
  1.200000e+07   1.457199e-01
  1.202000e+07   1.435466e-01
  1.204000e+07   1.413778e-01
  1.206000e+07   1.392534e-01
  1.208000e+07   1.371358e-01
  1.210000e+07   1.350233e-01
  1.212000e+07   1.329113e-01
  1.214000e+07   1.308127e-01
  1.216000e+07   1.287539e-01
  1.218000e+07   1.267017e-01
  1.220000e+07   1.246553e-01
  1.222000e+07   1.226062e-01
  1.224000e+07   1.205830e-01
  1.226000e+07   1.185928e-01
  1.228000e+07   1.166098e-01
  1.230000e+07   1.146320e-01
  1.232000e+07   1.126490e-01
  1.234000e+07   1.107063e-01
  1.236000e+07   1.087883e-01
  1.238000e+07   1.068775e-01
  1.240000e+07   1.049709e-01
  1.242000e+07   1.030529e-01
  1.244000e+07   1.011979e-01
  1.246000e+07   9.935477e-02
  1.248000e+07   9.751884e-02
  1.250000e+07   9.568652e-02
  1.252000e+07   9.384647e-02
  1.254000e+07   9.207349e-02
  1.256000e+07   9.030877e-02
  1.258000e+07   8.855128e-02
  1.260000e+07   8.679584e-02
  1.262000e+07   8.504196e-02
  1.264000e+07   8.334948e-02
  1.266000e+07   8.166577e-02
  1.268000e+07   7.998877e-02
  1.270000e+07   7.831177e-02
  1.272000e+07   7.664767e-02
  1.274000e+07   7.503930e-02
  1.276000e+07   7.343918e-02
  1.278000e+07   7.184474e-02
  1.280000e+07   7.024772e-02
  1.282000e+07   6.867754e-02
  1.284000e+07   6.715534e-02
  1.286000e+07   6.564088e-02
  1.288000e+07   6.413158e-02
  1.290000e+07   6.261402e-02
  1.292000e+07   6.114342e-02
  1.294000e+07   5.970946e-02
  1.296000e+07   5.828323e-02
  1.298000e+07   5.686062e-02
  1.300000e+07   5.542150e-02
  1.302000e+07   5.405719e-02
  1.304000e+07   5.271353e-02
  1.306000e+07   5.137657e-02
  1.308000e+07   5.004065e-02
  1.310000e+07   4.868666e-02
  1.312000e+07   4.742711e-02
  1.314000e+07   4.617529e-02
  1.316000e+07   4.492967e-02
  1.318000e+07   4.368301e-02
  1.320000e+07   4.242965e-02
  1.322000e+07   4.126452e-02
  1.324000e+07   4.010662e-02
  1.326000e+07   3.895284e-02
  1.328000e+07   3.779494e-02
  1.330000e+07   3.664477e-02
  1.332000e+07   3.557510e-02
  1.334000e+07   3.451163e-02
  1.336000e+07   3.345073e-02
  1.338000e+07   3.238055e-02
  1.340000e+07   3.133823e-02
  1.342000e+07   3.036454e-02
  1.344000e+07   2.939549e-02
  1.346000e+07   2.842696e-02
  1.348000e+07   2.744140e-02
  1.350000e+07   2.651156e-02
  1.352000e+07   2.563385e-02
  1.354000e+07   2.476026e-02
  1.356000e+07   2.388409e-02
  1.358000e+07   2.297903e-02
  1.360000e+07   2.216839e-02
  1.362000e+07   2.138665e-02
  1.364000e+07   2.060698e-02
  1.366000e+07   1.982214e-02
  1.368000e+07   1.899912e-02
  1.370000e+07   1.830716e-02
  1.372000e+07   1.761934e-02
  1.374000e+07   1.693202e-02
  1.376000e+07   1.623646e-02
  1.378000e+07   1.551973e-02
  1.380000e+07   1.492066e-02
  1.382000e+07   1.432416e-02
  1.384000e+07   1.372663e-02
  1.386000e+07   1.311620e-02
  1.388000e+07   1.250629e-02
  1.390000e+07   1.199545e-02
  1.392000e+07   1.148616e-02
  1.394000e+07   1.097429e-02
  1.396000e+07   1.044487e-02
  1.398000e+07   9.939192e-03
  1.400000e+07   9.511428e-03
  1.402000e+07   9.083664e-03
  1.404000e+07   8.651256e-03
  1.406000e+07   8.197176e-03
  1.408000e+07   7.792116e-03
  1.410000e+07   7.439688e-03
  1.412000e+07   7.086228e-03
  1.414000e+07   6.727608e-03
  1.416000e+07   6.339576e-03
  1.418000e+07   6.029460e-03
  1.420000e+07   5.743596e-03
  1.422000e+07   5.456700e-03
  1.424000e+07   5.163096e-03
  1.426000e+07   4.835952e-03
  1.428000e+07   4.607880e-03
  1.430000e+07   4.379808e-03
  1.432000e+07   4.150704e-03
  1.434000e+07   3.913860e-03
  1.436000e+07   3.660504e-03
  1.438000e+07   3.481968e-03
  1.440000e+07   3.302916e-03
  1.442000e+07   3.122316e-03
  1.444000e+07   2.933976e-03
  1.446000e+07   2.743572e-03
  1.448000e+07   2.605284e-03
  1.450000e+07   2.466480e-03
  1.452000e+07   2.325612e-03
  1.454000e+07   2.176488e-03
  1.456000e+07   2.037168e-03
  1.458000e+07   1.931388e-03
  1.460000e+07   1.824576e-03
  1.462000e+07   1.716216e-03
  1.464000e+07   1.599084e-03
  1.466000e+07   1.500012e-03
  1.468000e+07   1.419516e-03
  1.470000e+07   1.338504e-03
  1.472000e+07   1.255428e-03
  1.474000e+07   1.162548e-03
  1.476000e+07   1.094436e-03
  1.478000e+07   1.033548e-03
  1.480000e+07   9.721440e-04
  1.482000e+07   9.086760e-04
  1.484000e+07   8.359200e-04
  1.486000e+07   7.905120e-04
  1.488000e+07   7.451040e-04
  1.490000e+07   6.991800e-04
  1.492000e+07   6.511920e-04
  1.494000e+07   5.990760e-04
  1.496000e+07   5.655360e-04
  1.498000e+07   5.314800e-04
  1.500000e+07   4.969080e-04
  1.502000e+07   4.607880e-04
  1.504000e+07   4.241520e-04
  1.506000e+07   3.988680e-04
  1.508000e+07   3.741000e-04
  1.510000e+07   3.483000e-04
  1.512000e+07   3.209520e-04
  1.514000e+07   2.961840e-04
  1.516000e+07   2.776080e-04
  1.518000e+07   2.590320e-04
  1.520000e+07   2.404560e-04
  1.522000e+07   2.198160e-04
  1.524000e+07   2.027880e-04
  1.526000e+07   1.898880e-04
  1.528000e+07   1.764720e-04
  1.530000e+07   1.625400e-04
  1.532000e+07   1.470600e-04
  1.534000e+07   1.362240e-04
  1.536000e+07   1.269360e-04
  1.538000e+07   1.176480e-04
  1.540000e+07   1.078440e-04
  1.542000e+07   9.649200e-05
  1.544000e+07   8.978400e-05
  1.546000e+07   8.359200e-05
  1.548000e+07   7.688400e-05
  1.550000e+07   6.966000e-05
  1.552000e+07   6.243600e-05
  1.554000e+07   5.779200e-05
  1.556000e+07   5.314800e-05
  1.558000e+07   4.902000e-05
  1.560000e+07   4.386000e-05
  1.562000e+07   3.921600e-05
  1.564000e+07   3.612000e-05
  1.566000e+07   3.302400e-05
  1.568000e+07   2.992800e-05
  1.570000e+07   2.683200e-05
  1.572000e+07   2.373600e-05
  1.574000e+07   2.167200e-05
  1.576000e+07   1.960800e-05
  1.578000e+07   1.754400e-05
  1.580000e+07   1.548000e-05
  1.582000e+07   1.393200e-05
  1.584000e+07   1.238400e-05
  1.586000e+07   1.135200e-05
  1.588000e+07   9.804000e-06
  1.590000e+07   8.256000e-06
  1.592000e+07   7.740000e-06
  1.594000e+07   6.708000e-06
  1.596000e+07   6.192000e-06
  1.598000e+07   5.160000e-06
  1.600000e+07   4.644000e-06
  1.602000e+07   4.128000e-06
  1.604000e+07   3.612000e-06
  1.606000e+07   3.096000e-06
  1.608000e+07   2.580000e-06
  1.610000e+07   2.064000e-06
