# E [eV] - Phi_min [eV^-1 cm^-2 s^-1] - Phi_max [eV^-1 cm^-2 s^-1]
  2.062000e+04   1.693440e-01   3.357900e-01
  4.123000e+04   6.773760e-01   1.343160e+00
  6.185000e+04   1.487808e+00   2.950155e+00
  8.246000e+04   2.588544e+00   5.132790e+00
  1.030800e+05   3.967488e+00   7.867080e+00
  1.236900e+05   5.600448e+00   1.110506e+01
  1.443100e+05   7.463232e+00   1.479875e+01
  1.649200e+05   9.555840e+00   1.894815e+01
  1.855400e+05   1.184198e+01   2.348131e+01
  2.061500e+05   1.432166e+01   2.839824e+01
  2.267700e+05   1.695859e+01   3.362697e+01
  2.473900e+05   1.976486e+01   3.919149e+01
  2.680000e+05   2.269210e+01   4.499586e+01
  2.886200e+05   2.575238e+01   5.106406e+01
  3.092300e+05   2.892154e+01   5.734813e+01
  3.298500e+05   3.217536e+01   6.380010e+01
  3.504600e+05   3.551386e+01   7.041996e+01
  3.710800e+05   3.891283e+01   7.715975e+01
  3.916900e+05   4.236019e+01   8.399547e+01
  4.123100e+05   4.584384e+01   9.090315e+01
  4.329300e+05   4.935168e+01   9.785880e+01
  4.535400e+05   5.288371e+01   1.048624e+02
  4.741600e+05   5.640365e+01   1.118421e+02
  4.947700e+05   5.992358e+01   1.188217e+02
  5.153900e+05   6.340723e+01   1.257294e+02
  5.360000e+05   6.686669e+01   1.325891e+02
  5.566200e+05   7.027776e+01   1.393528e+02
  5.772300e+05   7.364045e+01   1.460207e+02
  5.978500e+05   7.693056e+01   1.525446e+02
  6.184600e+05   8.014810e+01   1.589246e+02
  6.390800e+05   8.329306e+01   1.651607e+02
  6.597000e+05   8.634125e+01   1.712049e+02
  6.803100e+05   8.928058e+01   1.770333e+02
  7.009300e+05   9.212314e+01   1.826698e+02
  7.215400e+05   9.483264e+01   1.880424e+02
  7.421600e+05   9.743328e+01   1.931992e+02
  7.627700e+05   9.990086e+01   1.980921e+02
  7.833900e+05   1.022233e+02   2.026972e+02
  8.040000e+05   1.044127e+02   2.070385e+02
  8.246200e+05   1.064448e+02   2.110680e+02
  8.452300e+05   1.083318e+02   2.148097e+02
  8.658500e+05   1.100494e+02   2.182155e+02
  8.864700e+05   1.116098e+02   2.213096e+02
  9.070800e+05   1.129887e+02   2.240439e+02
  9.277000e+05   1.141983e+02   2.264424e+02
  9.483100e+05   1.152386e+02   2.285051e+02
  9.689300e+05   1.160853e+02   2.301840e+02
  9.895400e+05   1.167506e+02   2.315032e+02
  1.010160e+06   1.172344e+02   2.324626e+02
  1.030770e+06   1.175247e+02   2.330383e+02
  1.051390e+06   1.176336e+02   2.332541e+02
  1.072000e+06   1.175368e+02   2.330622e+02
  1.092620e+06   1.172465e+02   2.324866e+02
  1.113240e+06   1.167627e+02   2.315272e+02
  1.133850e+06   1.160732e+02   2.301601e+02
  1.154470e+06   1.151902e+02   2.284092e+02
  1.175080e+06   1.141137e+02   2.262745e+02
  1.195700e+06   1.128436e+02   2.237561e+02
  1.216310e+06   1.113679e+02   2.208299e+02
  1.236930e+06   1.096986e+02   2.175200e+02
  1.257540e+06   1.078237e+02   2.138023e+02
  1.278160e+06   1.057674e+02   2.097248e+02
  1.298770e+06   1.035055e+02   2.052396e+02
  1.319390e+06   1.010500e+02   2.003707e+02
  1.340010e+06   9.841306e+01   1.951420e+02
  1.360620e+06   9.558259e+01   1.895295e+02
  1.381240e+06   9.255859e+01   1.835332e+02
  1.401850e+06   8.934106e+01   1.771532e+02
  1.422470e+06   8.595418e+01   1.704374e+02
  1.443080e+06   8.236166e+01   1.633139e+02
  1.463700e+06   7.858771e+01   1.558305e+02
  1.484310e+06   7.463232e+01   1.479874e+02
  1.504930e+06   7.048339e+01   1.397606e+02
  1.525550e+06   6.612883e+01   1.311260e+02
  1.546160e+06   6.158074e+01   1.221076e+02
  1.566780e+06   5.681491e+01   1.126575e+02
  1.587390e+06   5.180717e+01   1.027278e+02
  1.608010e+06   4.652122e+01   9.224631e+01
  1.628620e+06   4.093286e+01   8.116524e+01
  1.649240e+06   3.493325e+01   6.926868e+01
  1.669850e+06   2.840141e+01   5.631678e+01
  1.690470e+06   2.101075e+01   4.166195e+01
  1.711080e+06   1.207181e+01   2.393703e+01
  1.731700e+06   1.209600e-06   2.398500e-06
