# E [eV] - Phi_min [eV^-1 cm^-2 s^-1] - Phi_max [eV^-1 cm^-2 s^-1]
  1.426000e+04   3.157920e-01   5.754600e-01
  2.853000e+04   1.245624e+00   2.269870e+00
  4.279000e+04   2.754408e+00   5.019290e+00
  5.706000e+04   4.824600e+00   8.791750e+00
  7.132000e+04   7.403568e+00   1.349134e+01
  8.559000e+04   1.045622e+01   1.905412e+01
  9.985000e+04   1.396502e+01   2.544812e+01
  1.141100e+05   1.789488e+01   3.260940e+01
  1.283800e+05   2.222825e+01   4.050599e+01
  1.426400e+05   2.691250e+01   4.904198e+01
  1.569100e+05   3.193008e+01   5.818540e+01
  1.711700e+05   3.726346e+01   6.790428e+01
  1.854400e+05   4.287754e+01   7.813468e+01
  1.997000e+05   4.871969e+01   8.878069e+01
  2.139600e+05   5.480746e+01   9.987428e+01
  2.282300e+05   6.108821e+01   1.113195e+02
  2.424900e+05   6.752686e+01   1.230525e+02
  2.567600e+05   7.414094e+01   1.351052e+02
  2.710200e+05   8.086030e+01   1.473497e+02
  2.852900e+05   8.766737e+01   1.597541e+02
  2.995500e+05   9.457970e+01   1.723503e+02
  3.138100e+05   1.015271e+02   1.850104e+02
  3.280800e+05   1.085096e+02   1.977345e+02
  3.423400e+05   1.154921e+02   2.104585e+02
  3.566100e+05   1.224747e+02   2.231826e+02
  3.708700e+05   1.294396e+02   2.358747e+02
  3.851400e+05   1.363344e+02   2.484389e+02
  3.994000e+05   1.431590e+02   2.608752e+02
  4.136600e+05   1.498959e+02   2.731517e+02
  4.279300e+05   1.565276e+02   2.852363e+02
  4.421900e+05   1.630364e+02   2.970972e+02
  4.564600e+05   1.694049e+02   3.087023e+02
  4.707200e+05   1.756154e+02   3.200197e+02
  4.849900e+05   1.816330e+02   3.309854e+02
  4.992500e+05   1.874752e+02   3.416314e+02
  5.135100e+05   1.931243e+02   3.519258e+02
  5.277800e+05   1.985279e+02   3.617725e+02
  5.420400e+05   2.037209e+02   3.712356e+02
  5.563100e+05   2.086508e+02   3.802192e+02
  5.705700e+05   2.133350e+02   3.887552e+02
  5.848400e+05   2.177386e+02   3.967797e+02
  5.991000e+05   2.218614e+02   4.042926e+02
  6.133600e+05   2.257036e+02   4.112941e+02
  6.276300e+05   2.292299e+02   4.177200e+02
  6.418900e+05   2.324229e+02   4.235386e+02
  6.561600e+05   2.353177e+02   4.288136e+02
  6.704200e+05   2.378615e+02   4.334493e+02
  6.846900e+05   2.400721e+02   4.374775e+02
  6.989500e+05   2.419318e+02   4.408663e+02
  7.132100e+05   2.434405e+02   4.436157e+02
  7.274800e+05   2.445634e+02   4.456618e+02
  7.417400e+05   2.453177e+02   4.470365e+02
  7.560100e+05   2.457037e+02   4.477398e+02
  7.702700e+05   2.457037e+02   4.477398e+02
  7.845400e+05   2.453177e+02   4.470365e+02
  7.988000e+05   2.445107e+02   4.455659e+02
  8.130600e+05   2.433353e+02   4.434239e+02
  8.273300e+05   2.417212e+02   4.404827e+02
  8.415900e+05   2.397212e+02   4.368381e+02
  8.558600e+05   2.373001e+02   4.324262e+02
  8.701200e+05   2.344580e+02   4.272471e+02
  8.843900e+05   2.311948e+02   4.213007e+02
  8.986500e+05   2.274931e+02   4.145550e+02
  9.129100e+05   2.233702e+02   4.070420e+02
  9.271800e+05   2.188088e+02   3.987298e+02
  9.414400e+05   2.137912e+02   3.895864e+02
  9.557100e+05   2.083350e+02   3.796438e+02
  9.699700e+05   2.024227e+02   3.688699e+02
  9.842400e+05   1.960542e+02   3.572647e+02
  9.985000e+05   1.891945e+02   3.447645e+02
  1.012760e+06   1.818611e+02   3.314010e+02
  1.027030e+06   1.740014e+02   3.170785e+02
  1.041290e+06   1.656154e+02   3.017968e+02
  1.055560e+06   1.566855e+02   2.855241e+02
  1.069820e+06   1.471415e+02   2.681324e+02
  1.084090e+06   1.369309e+02   2.495258e+02
  1.098350e+06   1.260186e+02   2.296405e+02
  1.112610e+06   1.142465e+02   2.081886e+02
  1.126880e+06   1.014920e+02   1.849464e+02
  1.141140e+06   8.749193e+01   1.594344e+02
  1.155410e+06   7.182514e+01   1.308852e+02
  1.169670e+06   5.363201e+01   9.773229e+01
  1.183940e+06   3.098270e+01   5.645902e+01
  1.198200e+06   1.754400e-06   3.197000e-06
