# E [eV] - Phi_min [eV^-1 cm^-2 s^-1] - Phi_max [eV^-1 cm^-2 s^-1]
  1.426000e+04   3.157920e-01   5.754600e-01
  2.062000e+04   8.995531e-01   1.666432e+00
  2.853000e+04   1.609948e+00   2.992283e+00
  4.123000e+04   3.266728e+00   6.061672e+00
  4.279000e+04   3.493097e+00   6.484027e+00
  5.706000e+04   6.124146e+00   1.136860e+01
  6.185000e+04   7.178695e+00   1.332052e+01
  7.132000e+04   9.397148e+00   1.744438e+01
  8.246000e+04   1.237519e+01   2.296676e+01
  8.559000e+04   1.325408e+01   2.460196e+01
  9.985000e+04   1.771651e+01   3.288689e+01
  1.030800e+05   1.882265e+01   3.493729e+01
  1.141100e+05   2.273629e+01   4.220937e+01
  1.236900e+05   2.640448e+01   4.901574e+01
  1.283800e+05   2.825238e+01   5.245117e+01
  1.426400e+05   3.422486e+01   6.354158e+01
  1.443100e+05   3.496293e+01   6.491077e+01
  1.569100e+05   4.067264e+01   7.552090e+01
  1.649200e+05   4.448174e+01   8.259275e+01
  1.711700e+05   4.751223e+01   8.822645e+01
  1.854400e+05   5.470843e+01   1.015940e+02
  1.855400e+05   5.476049e+01   1.016907e+02
  1.997000e+05   6.226532e+01   1.156402e+02
  2.061500e+05   6.579494e+01   1.221967e+02
  2.139600e+05   7.012788e+01   1.302529e+02
  2.267700e+05   7.740420e+01   1.437755e+02
  2.282300e+05   7.824550e+01   1.453405e+02
  2.424900e+05   8.662486e+01   1.609217e+02
  2.473900e+05   8.956285e+01   1.663826e+02
  2.567600e+05   9.523663e+01   1.769356e+02
  2.680000e+05   1.021294e+02   1.897524e+02
  2.710200e+05   1.040006e+02   1.932343e+02
  2.852900e+05   1.129255e+02   2.098382e+02
  2.886200e+05   1.150339e+02   2.137596e+02
  2.995500e+05   1.220128e+02   2.267469e+02
  3.092300e+05   1.282173e+02   2.382924e+02
  3.138100e+05   1.311714e+02   2.437916e+02
  3.280800e+05   1.404057e+02   2.609807e+02
  3.298500e+05   1.415517e+02   2.631139e+02
  3.423400e+05   1.496907e+02   2.782704e+02
  3.504600e+05   1.549792e+02   2.881188e+02
  3.566100e+05   1.590023e+02   2.956127e+02
  3.708700e+05   1.683178e+02   3.129658e+02
  3.710800e+05   1.684539e+02   3.132193e+02
  3.851400e+05   1.775990e+02   3.302619e+02
  3.916900e+05   1.818293e+02   3.381467e+02
  3.994000e+05   1.868218e+02   3.474535e+02
  4.123100e+05   1.951020e+02   3.628926e+02
  4.136600e+05   1.959694e+02   3.645102e+02
  4.279300e+05   2.050287e+02   3.814085e+02
  4.329300e+05   2.081614e+02   3.872539e+02
  4.421900e+05   2.139750e+02   3.981027e+02
  4.535400e+05   2.209854e+02   4.111900e+02
  4.564600e+05   2.227870e+02   4.145531e+02
  4.707200e+05   2.314319e+02   4.306974e+02
  4.741600e+05   2.334697e+02   4.345052e+02
  4.849900e+05   2.398863e+02   4.464951e+02
  4.947700e+05   2.455634e+02   4.571085e+02
  4.992500e+05   2.481556e+02   4.619539e+02
  5.135100e+05   2.562140e+02   4.770253e+02
  5.153900e+05   2.572435e+02   4.789524e+02
  5.277800e+05   2.640148e+02   4.916257e+02
  5.360000e+05   2.683880e+02   4.998165e+02
  5.420400e+05   2.715868e+02   5.058060e+02
  5.563100e+05   2.788773e+02   5.194704e+02
  5.566200e+05   2.790304e+02   5.197576e+02
  5.705700e+05   2.858889e+02   5.326212e+02
  5.772300e+05   2.890307e+02   5.385210e+02
  5.848400e+05   2.925933e+02   5.452081e+02
  5.978500e+05   2.984306e+02   5.561787e+02
  5.991000e+05   2.989871e+02   5.572242e+02
  6.133600e+05   3.050555e+02   5.686399e+02
  6.184600e+05   3.071119e+02   5.725153e+02
  6.276300e+05   3.107766e+02   5.794179e+02
  6.390800e+05   3.150868e+02   5.875527e+02
  6.418900e+05   3.161314e+02   5.895229e+02
  6.561600e+05   3.211356e+02   5.989809e+02
  6.597000e+05   3.222904e+02   6.011693e+02
  6.704200e+05   3.257316e+02   6.076857e+02
  6.803100e+05   3.286742e+02   6.132743e+02
  6.846900e+05   3.299565e+02   6.157080e+02
  6.989500e+05   3.337819e+02   6.229948e+02
  7.009300e+05   3.342644e+02   6.239178e+02
  7.132100e+05   3.371781e+02   6.294866e+02
  7.215400e+05   3.389286e+02   6.328525e+02
  7.274800e+05   3.401452e+02   6.351897e+02
  7.417400e+05   3.426981e+02   6.401306e+02
  7.421600e+05   3.427624e+02   6.402564e+02
  7.560100e+05   3.447952e+02   6.442271e+02
  7.627700e+05   3.456046e+02   6.458320e+02
  7.702700e+05   3.464493e+02   6.475070e+02
  7.833900e+05   3.475722e+02   6.497904e+02
  7.845400e+05   3.476632e+02   6.499760e+02
  7.988000e+05   3.483710e+02   6.515091e+02
  8.040000e+05   3.484948e+02   6.518233e+02
  8.130600e+05   3.486408e+02   6.522329e+02
  8.246200e+05   3.484726e+02   6.521092e+02
  8.273300e+05   3.484141e+02   6.520426e+02
  8.415900e+05   3.477197e+02   6.509869e+02
  8.452300e+05   3.474354e+02   6.505224e+02
  8.558600e+05   3.465174e+02   6.489917e+02
  8.658500e+05   3.453585e+02   6.470134e+02
  8.701200e+05   3.448306e+02   6.461033e+02
  8.843900e+05   3.426472e+02   6.422981e+02
  8.864700e+05   3.422647e+02   6.416263e+02
  8.986500e+05   3.399178e+02   6.374805e+02
  9.070800e+05   3.380445e+02   6.341575e+02
  9.129100e+05   3.367009e+02   6.317641e+02
  9.271800e+05   3.329766e+02   6.251117e+02
  9.277000e+05   3.328241e+02   6.248388e+02
  9.414400e+05   3.286830e+02   6.174039e+02
  9.483100e+05   3.264030e+02   6.133048e+02
  9.557100e+05   3.238775e+02   6.087514e+02
  9.689300e+05   3.189392e+02   5.998397e+02
  9.699700e+05   3.185416e+02   5.991205e+02
  9.842400e+05   3.126337e+02   5.884287e+02
  9.895400e+05   3.102553e+02   5.841220e+02
  9.985000e+05   3.061553e+02   5.766846e+02
  1.010160e+06   3.004326e+02   5.663002e+02
  1.012760e+06   2.991322e+02   5.639363e+02
  1.027030e+06   2.914734e+02   5.500123e+02
  1.030770e+06   2.893267e+02   5.461088e+02
  1.041290e+06   2.831956e+02   5.349452e+02
  1.051390e+06   2.769286e+02   5.235334e+02
  1.055560e+06   2.742995e+02   5.187394e+02
  1.069820e+06   2.646886e+02   5.012149e+02
  1.072000e+06   2.631185e+02   4.983521e+02
  1.084090e+06   2.542975e+02   4.822506e+02
  1.092620e+06   2.476499e+02   4.701175e+02
  1.098350e+06   2.431306e+02   4.618605e+02
  1.112610e+06   2.310240e+02   4.397452e+02
  1.113240e+06   2.304461e+02   4.386897e+02
  1.126880e+06   2.177984e+02   4.155689e+02
  1.133850e+06   2.107223e+02   4.026367e+02
  1.141140e+06   2.032530e+02   3.889754e+02
  1.154470e+06   1.880474e+02   3.611749e+02
  1.155410e+06   1.869662e+02   3.591970e+02
  1.169670e+06   1.680283e+02   3.245671e+02
  1.175080e+06   1.591589e+02   3.083594e+02
  1.183940e+06   1.445506e+02   2.816514e+02
  1.195700e+06   1.182753e+02   2.336542e+02
  1.198200e+06   1.126646e+02   2.234011e+02
  1.216310e+06   1.113679e+02   2.208299e+02
  1.236930e+06   1.096986e+02   2.175200e+02
  1.257540e+06   1.078237e+02   2.138023e+02
  1.278160e+06   1.057674e+02   2.097248e+02
  1.298770e+06   1.035055e+02   2.052396e+02
  1.319390e+06   1.010500e+02   2.003707e+02
  1.340010e+06   9.841306e+01   1.951420e+02
  1.360620e+06   9.558259e+01   1.895295e+02
  1.381240e+06   9.255859e+01   1.835332e+02
  1.401850e+06   8.934106e+01   1.771532e+02
  1.422470e+06   8.595418e+01   1.704374e+02
  1.443080e+06   8.236166e+01   1.633139e+02
  1.463700e+06   7.858771e+01   1.558305e+02
  1.484310e+06   7.463232e+01   1.479874e+02
  1.504930e+06   7.048339e+01   1.397606e+02
  1.525550e+06   6.612883e+01   1.311260e+02
  1.546160e+06   6.158074e+01   1.221076e+02
  1.566780e+06   5.681491e+01   1.126575e+02
  1.587390e+06   5.180717e+01   1.027278e+02
  1.608010e+06   4.652122e+01   9.224631e+01
  1.628620e+06   4.093286e+01   8.116524e+01
  1.649240e+06   3.493325e+01   6.926868e+01
  1.669850e+06   2.840141e+01   5.631678e+01
  1.690470e+06   2.101075e+01   4.166195e+01
  1.711080e+06   1.207181e+01   2.393703e+01
  1.731700e+06   1.209600e-06   2.398500e-06
