# E [eV] - Phi_min [eV^-1 cm^-2 s^-1] - Phi_max [eV^-1 cm^-2 s^-1]
  1.878400e+04   8.261680e-09   1.591849e-08
  3.756700e+04   3.298232e-08   6.354986e-08
  5.635100e+04   7.406560e-08   1.427085e-07
  7.513500e+04   1.314152e-07   2.532089e-07
  9.391900e+04   2.049320e-07   3.948600e-07
  1.127000e+05   2.945264e-07   5.674893e-07
  1.314900e+05   4.000976e-07   7.709023e-07
  1.502700e+05   5.215560e-07   1.004927e-06
  1.690500e+05   6.587840e-07   1.269336e-06
  1.878400e+05   8.117200e-07   1.564010e-06
  2.066200e+05   9.802800e-07   1.888790e-06
  2.254000e+05   1.164296e-06   2.243349e-06
  2.441900e+05   1.363768e-06   2.627689e-06
  2.629700e+05   1.578528e-06   3.041485e-06
  2.817600e+05   1.808464e-06   3.484523e-06
  3.005400e+05   2.053576e-06   3.956801e-06
  3.193200e+05   2.313696e-06   4.457996e-06
  3.381100e+05   2.588824e-06   4.988109e-06
  3.568900e+05   2.878736e-06   5.546707e-06
  3.756700e+05   3.183376e-06   6.133683e-06
  3.944600e+05   3.502744e-06   6.749037e-06
  4.132400e+05   3.836616e-06   7.392337e-06
  4.320300e+05   4.184992e-06   8.063583e-06
  4.508100e+05   4.547704e-06   8.762451e-06
  4.695900e+05   4.924752e-06   9.488942e-06
  4.883800e+05   5.316024e-06   1.024284e-05
  5.071600e+05   5.721520e-06   1.102414e-05
  5.259400e+05   6.140960e-06   1.183231e-05
  5.447300e+05   6.573840e-06   1.266638e-05
  5.635100e+05   7.021280e-06   1.352850e-05
  5.823000e+05   7.482160e-06   1.441652e-05
  6.010800e+05   7.956480e-06   1.533043e-05
  6.198600e+05   8.444240e-06   1.627024e-05
  6.386500e+05   8.946000e-06   1.723702e-05
  6.574300e+05   9.460640e-06   1.822863e-05
  6.762100e+05   9.988720e-06   1.924612e-05
  6.950000e+05   1.053024e-05   2.028952e-05
  7.137800e+05   1.108464e-05   2.135773e-05
  7.325700e+05   1.165248e-05   2.245183e-05
  7.513500e+05   1.223264e-05   2.356968e-05
  7.701300e+05   1.282624e-05   2.471342e-05
  7.889200e+05   1.343216e-05   2.588089e-05
  8.077000e+05   1.405040e-05   2.707211e-05
  8.264800e+05   1.468208e-05   2.828922e-05
  8.452700e+05   1.532552e-05   2.952899e-05
  8.640500e+05   1.598184e-05   3.079358e-05
  8.828400e+05   1.664992e-05   3.208083e-05
  9.016200e+05   1.733088e-05   3.339289e-05
  9.204000e+05   1.802360e-05   3.472761e-05
  9.391900e+05   1.872808e-05   3.608500e-05
  9.579700e+05   1.944488e-05   3.746612e-05
  9.767500e+05   2.017344e-05   3.886990e-05
  9.955400e+05   2.091376e-05   4.029633e-05
  1.014300e+06   2.166640e-05   4.174651e-05
  1.033100e+06   2.242968e-05   4.321719e-05
  1.051900e+06   2.320528e-05   4.471160e-05
  1.070700e+06   2.399152e-05   4.622652e-05
  1.089500e+06   2.478952e-05   4.776409e-05
  1.108200e+06   2.559872e-05   4.932325e-05
  1.127000e+06   2.641912e-05   5.090398e-05
  1.145800e+06   2.725072e-05   5.250630e-05
  1.164600e+06   2.809352e-05   5.413019e-05
  1.183400e+06   2.894696e-05   5.577459e-05
  1.202200e+06   2.981104e-05   5.743949e-05
  1.220900e+06   3.068632e-05   5.912596e-05
  1.239700e+06   3.157168e-05   6.083186e-05
  1.258500e+06   3.246824e-05   6.255934e-05
  1.277300e+06   3.337488e-05   6.430624e-05
  1.296100e+06   3.429216e-05   6.607364e-05
  1.314900e+06   3.521952e-05   6.786047e-05
  1.333600e+06   3.615752e-05   6.966779e-05
  1.352400e+06   3.710560e-05   7.149454e-05
  1.371200e+06   3.806376e-05   7.334071e-05
  1.390000e+06   3.903144e-05   7.520522e-05
  1.408800e+06   4.000920e-05   7.708915e-05
  1.427600e+06   4.099704e-05   7.899251e-05
  1.446300e+06   4.199496e-05   8.091529e-05
  1.465100e+06   4.300184e-05   8.285533e-05
  1.483900e+06   4.401880e-05   8.481479e-05
  1.502700e+06   4.504472e-05   8.679152e-05
  1.521500e+06   4.608072e-05   8.878767e-05
  1.540300e+06   4.712568e-05   9.080109e-05
  1.559000e+06   4.817960e-05   9.283176e-05
  1.577800e+06   4.924304e-05   9.488079e-05
  1.596600e+06   5.031600e-05   9.694815e-05
  1.615400e+06   5.139736e-05   9.903170e-05
  1.634200e+06   5.248768e-05   1.011325e-04
  1.653000e+06   5.358696e-05   1.032506e-04
  1.671800e+06   5.469520e-05   1.053859e-04
  1.690500e+06   5.581240e-05   1.075385e-04
  1.709300e+06   5.693520e-05   1.097019e-04
  1.728100e+06   5.807200e-05   1.118923e-04
  1.746900e+06   5.921440e-05   1.140935e-04
  1.765700e+06   6.036240e-05   1.163054e-04
  1.784500e+06   6.152160e-05   1.185389e-04
  1.803200e+06   6.269200e-05   1.207940e-04
  1.822000e+06   6.386800e-05   1.230599e-04
  1.840800e+06   6.504960e-05   1.253366e-04
  1.859600e+06   6.624240e-05   1.276349e-04
  1.878400e+06   6.744080e-05   1.299440e-04
  1.897200e+06   6.865040e-05   1.322746e-04
  1.915900e+06   6.986560e-05   1.346160e-04
  1.934700e+06   7.108640e-05   1.369683e-04
  1.953500e+06   7.231840e-05   1.393421e-04
  1.972300e+06   7.355600e-05   1.417267e-04
  1.991100e+06   7.479920e-05   1.441220e-04
  2.009900e+06   7.605360e-05   1.465390e-04
  2.028600e+06   7.731360e-05   1.489667e-04
  2.047400e+06   7.857920e-05   1.514053e-04
  2.066200e+06   7.985040e-05   1.538546e-04
  2.085000e+06   8.113280e-05   1.563255e-04
  2.103800e+06   8.242080e-05   1.588072e-04
  2.122600e+06   8.371440e-05   1.612997e-04
  2.141300e+06   8.501920e-05   1.638138e-04
  2.160100e+06   8.632960e-05   1.663386e-04
  2.178900e+06   8.764000e-05   1.688635e-04
  2.197700e+06   8.896160e-05   1.714099e-04
  2.216500e+06   9.029440e-05   1.739780e-04
  2.235300e+06   9.162720e-05   1.765460e-04
  2.254000e+06   9.297120e-05   1.791356e-04
  2.272800e+06   9.431520e-05   1.817252e-04
  2.291600e+06   9.567040e-05   1.843364e-04
  2.310400e+06   9.703120e-05   1.869583e-04
  2.329200e+06   9.839760e-05   1.895911e-04
  2.348000e+06   9.976960e-05   1.922346e-04
  2.366800e+06   1.011472e-04   1.948890e-04
  2.385500e+06   1.025304e-04   1.975541e-04
  2.404300e+06   1.039192e-04   2.002300e-04
  2.423100e+06   1.053136e-04   2.029167e-04
  2.441900e+06   1.067136e-04   2.056142e-04
  2.460700e+06   1.081248e-04   2.083333e-04
  2.479500e+06   1.095360e-04   2.110524e-04
  2.498200e+06   1.109528e-04   2.137823e-04
  2.517000e+06   1.123752e-04   2.165229e-04
  2.535800e+06   1.138032e-04   2.192744e-04
  2.554600e+06   1.152368e-04   2.220366e-04
  2.573400e+06   1.166760e-04   2.248096e-04
  2.592200e+06   1.181208e-04   2.275935e-04
  2.610900e+06   1.195656e-04   2.303773e-04
  2.629700e+06   1.210216e-04   2.331827e-04
  2.648500e+06   1.224776e-04   2.359881e-04
  2.667300e+06   1.239448e-04   2.388151e-04
  2.686100e+06   1.254120e-04   2.416420e-04
  2.704900e+06   1.268848e-04   2.444798e-04
  2.723600e+06   1.283576e-04   2.473176e-04
  2.742400e+06   1.298416e-04   2.501769e-04
  2.761200e+06   1.313256e-04   2.530363e-04
  2.780000e+06   1.328208e-04   2.559172e-04
  2.798800e+06   1.343104e-04   2.587874e-04
  2.817600e+06   1.358112e-04   2.616791e-04
  2.836300e+06   1.373176e-04   2.645816e-04
  2.855100e+06   1.388240e-04   2.674841e-04
  2.873900e+06   1.403360e-04   2.703974e-04
  2.892700e+06   1.418480e-04   2.733107e-04
  2.911500e+06   1.433656e-04   2.762348e-04
  2.930300e+06   1.448888e-04   2.791697e-04
  2.949000e+06   1.464176e-04   2.821153e-04
  2.967800e+06   1.479464e-04   2.850610e-04
  2.986600e+06   1.494808e-04   2.880175e-04
  3.005400e+06   1.510208e-04   2.909847e-04
  3.024200e+06   1.525608e-04   2.939520e-04
  3.043000e+06   1.541064e-04   2.969300e-04
  3.061700e+06   1.556520e-04   2.999081e-04
  3.080500e+06   1.572032e-04   3.028969e-04
  3.099300e+06   1.587600e-04   3.058965e-04
  3.118100e+06   1.603168e-04   3.088961e-04
  3.136900e+06   1.618736e-04   3.118957e-04
  3.155700e+06   1.634416e-04   3.149169e-04
  3.174500e+06   1.650040e-04   3.179273e-04
  3.193200e+06   1.665776e-04   3.209593e-04
  3.212000e+06   1.681456e-04   3.239805e-04
  3.230800e+06   1.697248e-04   3.270233e-04
  3.249600e+06   1.712984e-04   3.300553e-04
  3.268400e+06   1.728832e-04   3.331089e-04
  3.287200e+06   1.744624e-04   3.361517e-04
  3.305900e+06   1.760528e-04   3.392160e-04
  3.324700e+06   1.776376e-04   3.422696e-04
  3.343500e+06   1.792280e-04   3.453340e-04
  3.362300e+06   1.808184e-04   3.483983e-04
  3.381100e+06   1.824144e-04   3.514735e-04
  3.399900e+06   1.840104e-04   3.545486e-04
  3.418600e+06   1.856120e-04   3.576345e-04
  3.437400e+06   1.872136e-04   3.607205e-04
  3.456200e+06   1.888152e-04   3.638064e-04
  3.475000e+06   1.904224e-04   3.669032e-04
  3.493800e+06   1.920296e-04   3.699999e-04
  3.512600e+06   1.936368e-04   3.730966e-04
  3.531300e+06   1.952496e-04   3.762041e-04
  3.550100e+06   1.968624e-04   3.793117e-04
  3.568900e+06   1.984752e-04   3.824192e-04
  3.587700e+06   2.000936e-04   3.855375e-04
  3.606500e+06   2.017064e-04   3.886450e-04
  3.625300e+06   2.033248e-04   3.917633e-04
  3.644000e+06   2.049488e-04   3.948924e-04
  3.662800e+06   2.065672e-04   3.980107e-04
  3.681600e+06   2.081912e-04   4.011398e-04
  3.700400e+06   2.098152e-04   4.042689e-04
  3.719200e+06   2.114392e-04   4.073980e-04
  3.738000e+06   2.130632e-04   4.105271e-04
  3.756700e+06   2.146928e-04   4.136670e-04
  3.775500e+06   2.163224e-04   4.168069e-04
  3.794300e+06   2.179520e-04   4.199468e-04
  3.813100e+06   2.195816e-04   4.230867e-04
  3.831900e+06   2.212112e-04   4.262266e-04
  3.850700e+06   2.228408e-04   4.293665e-04
  3.869400e+06   2.244760e-04   4.325171e-04
  3.888200e+06   2.261056e-04   4.356570e-04
  3.907000e+06   2.277408e-04   4.388077e-04
  3.925800e+06   2.293760e-04   4.419584e-04
  3.944600e+06   2.310056e-04   4.450983e-04
  3.963400e+06   2.326408e-04   4.482490e-04
  3.982200e+06   2.342760e-04   4.513997e-04
  4.000900e+06   2.359112e-04   4.545503e-04
  4.019700e+06   2.375464e-04   4.577010e-04
  4.038500e+06   2.391816e-04   4.608517e-04
  4.057300e+06   2.408224e-04   4.640132e-04
  4.076100e+06   2.424576e-04   4.671638e-04
  4.094900e+06   2.440928e-04   4.703145e-04
  4.113600e+06   2.457280e-04   4.734652e-04
  4.132400e+06   2.473632e-04   4.766159e-04
  4.151200e+06   2.489984e-04   4.797666e-04
  4.170000e+06   2.506336e-04   4.829172e-04
  4.188800e+06   2.522688e-04   4.860679e-04
  4.207600e+06   2.539040e-04   4.892186e-04
  4.226300e+06   2.555392e-04   4.923693e-04
  4.245100e+06   2.571688e-04   4.955092e-04
  4.263900e+06   2.588040e-04   4.986599e-04
  4.282700e+06   2.604392e-04   5.018105e-04
  4.301500e+06   2.620688e-04   5.049504e-04
  4.320300e+06   2.636984e-04   5.080903e-04
  4.339000e+06   2.653336e-04   5.112410e-04
  4.357800e+06   2.669632e-04   5.143809e-04
  4.376600e+06   2.685928e-04   5.175208e-04
  4.395400e+06   2.702168e-04   5.206499e-04
  4.414200e+06   2.718464e-04   5.237898e-04
  4.433000e+06   2.734704e-04   5.269189e-04
  4.451700e+06   2.751000e-04   5.300587e-04
  4.470500e+06   2.767240e-04   5.331879e-04
  4.489300e+06   2.783480e-04   5.363170e-04
  4.508100e+06   2.799664e-04   5.394353e-04
  4.526900e+06   2.815904e-04   5.425644e-04
  4.545700e+06   2.832088e-04   5.456827e-04
  4.564400e+06   2.848272e-04   5.488010e-04
  4.583200e+06   2.864456e-04   5.519193e-04
  4.602000e+06   2.880584e-04   5.550268e-04
  4.620800e+06   2.896712e-04   5.581343e-04
  4.639600e+06   2.912840e-04   5.612419e-04
  4.658400e+06   2.928968e-04   5.643494e-04
  4.677100e+06   2.945040e-04   5.674461e-04
  4.695900e+06   2.961112e-04   5.705428e-04
  4.714700e+06   2.977184e-04   5.736396e-04
  4.733500e+06   2.993200e-04   5.767255e-04
  4.752300e+06   3.009216e-04   5.798114e-04
  4.771100e+06   3.025232e-04   5.828974e-04
  4.789900e+06   3.041192e-04   5.859725e-04
  4.808600e+06   3.057152e-04   5.890477e-04
  4.827400e+06   3.073112e-04   5.921228e-04
  4.846200e+06   3.089016e-04   5.951872e-04
  4.865000e+06   3.104920e-04   5.982516e-04
  4.883800e+06   3.120824e-04   6.013159e-04
  4.902600e+06   3.136672e-04   6.043695e-04
  4.921300e+06   3.152520e-04   6.074230e-04
  4.940100e+06   3.168312e-04   6.104658e-04
  4.958900e+06   3.184104e-04   6.135086e-04
  4.977700e+06   3.199840e-04   6.165406e-04
  4.996500e+06   3.215576e-04   6.195726e-04
  5.015300e+06   3.231312e-04   6.226046e-04
  5.034000e+06   3.246992e-04   6.256258e-04
  5.052800e+06   3.262672e-04   6.286470e-04
  5.071600e+06   3.278296e-04   6.316574e-04
  5.090400e+06   3.293864e-04   6.346570e-04
  5.109200e+06   3.309488e-04   6.376674e-04
  5.128000e+06   3.325000e-04   6.406562e-04
  5.146700e+06   3.340568e-04   6.436559e-04
  5.165500e+06   3.356024e-04   6.466339e-04
  5.184300e+06   3.371480e-04   6.496120e-04
  5.203100e+06   3.386936e-04   6.525900e-04
  5.221900e+06   3.402336e-04   6.555572e-04
  5.240700e+06   3.417736e-04   6.585245e-04
  5.259400e+06   3.433080e-04   6.614809e-04
  5.278200e+06   3.448368e-04   6.644266e-04
  5.297000e+06   3.463656e-04   6.673723e-04
  5.315800e+06   3.478888e-04   6.703072e-04
  5.334600e+06   3.494120e-04   6.732421e-04
  5.353400e+06   3.509296e-04   6.761661e-04
  5.372100e+06   3.524416e-04   6.790794e-04
  5.390900e+06   3.539536e-04   6.819927e-04
  5.409700e+06   3.554656e-04   6.849060e-04
  5.428500e+06   3.569664e-04   6.877978e-04
  5.447300e+06   3.584672e-04   6.906895e-04
  5.466100e+06   3.599680e-04   6.935812e-04
  5.484800e+06   3.614576e-04   6.964513e-04
  5.503600e+06   3.629472e-04   6.993215e-04
  5.522400e+06   3.644368e-04   7.021916e-04
  5.541200e+06   3.659208e-04   7.050510e-04
  5.560000e+06   3.673992e-04   7.078995e-04
  5.578800e+06   3.688720e-04   7.107373e-04
  5.597600e+06   3.703448e-04   7.135751e-04
  5.616300e+06   3.718120e-04   7.164021e-04
  5.635100e+06   3.732736e-04   7.192182e-04
  5.653900e+06   3.747352e-04   7.220344e-04
  5.672700e+06   3.761856e-04   7.248290e-04
  5.691500e+06   3.776416e-04   7.276344e-04
  5.710300e+06   3.790864e-04   7.304183e-04
  5.729000e+06   3.805312e-04   7.332021e-04
  5.747800e+06   3.819704e-04   7.359751e-04
  5.766600e+06   3.834040e-04   7.387373e-04
  5.785400e+06   3.848320e-04   7.414888e-04
  5.804200e+06   3.862600e-04   7.442403e-04
  5.823000e+06   3.876824e-04   7.469809e-04
  5.841700e+06   3.890992e-04   7.497108e-04
  5.860500e+06   3.905104e-04   7.524299e-04
  5.879300e+06   3.919160e-04   7.551381e-04
  5.898100e+06   3.933216e-04   7.578464e-04
  5.916900e+06   3.947216e-04   7.605439e-04
  5.935700e+06   3.961160e-04   7.632306e-04
  5.954400e+06   3.975048e-04   7.659066e-04
  5.973200e+06   3.988936e-04   7.685825e-04
  5.992000e+06   4.002712e-04   7.712368e-04
  6.010800e+06   4.016488e-04   7.738912e-04
  6.029600e+06   4.030208e-04   7.765347e-04
  6.048400e+06   4.043872e-04   7.791675e-04
  6.067100e+06   4.057480e-04   7.817895e-04
  6.085900e+06   4.071032e-04   7.844006e-04
  6.104700e+06   4.084584e-04   7.870118e-04
  6.123500e+06   4.098024e-04   7.896014e-04
  6.142300e+06   4.111464e-04   7.921910e-04
  6.161100e+06   4.124848e-04   7.947698e-04
  6.179800e+06   4.138120e-04   7.973271e-04
  6.198600e+06   4.151392e-04   7.998843e-04
  6.217400e+06   4.164608e-04   8.024307e-04
  6.236200e+06   4.177768e-04   8.049664e-04
  6.255000e+06   4.190928e-04   8.075020e-04
  6.273800e+06   4.203976e-04   8.100161e-04
  6.292600e+06   4.216968e-04   8.125194e-04
  6.311300e+06   4.229960e-04   8.150226e-04
  6.330100e+06   4.242840e-04   8.175044e-04
  6.348900e+06   4.255664e-04   8.199753e-04
  6.367700e+06   4.268488e-04   8.224462e-04
  6.386500e+06   4.281200e-04   8.248955e-04
  6.405300e+06   4.293912e-04   8.273448e-04
  6.424000e+06   4.306568e-04   8.297834e-04
  6.442800e+06   4.319112e-04   8.322003e-04
  6.461600e+06   4.331656e-04   8.346173e-04
  6.480400e+06   4.344144e-04   8.370235e-04
  6.499200e+06   4.356520e-04   8.394080e-04
  6.518000e+06   4.368896e-04   8.417926e-04
  6.536700e+06   4.381160e-04   8.441556e-04
  6.555500e+06   4.393424e-04   8.465187e-04
  6.574300e+06   4.405576e-04   8.488601e-04
  6.593100e+06   4.417728e-04   8.512015e-04
  6.611900e+06   4.429768e-04   8.535214e-04
  6.630700e+06   4.441808e-04   8.558412e-04
  6.649400e+06   4.453736e-04   8.581395e-04
  6.668200e+06   4.465664e-04   8.604378e-04
  6.687000e+06   4.477480e-04   8.627145e-04
  6.705800e+06   4.489240e-04   8.649804e-04
  6.724600e+06   4.500944e-04   8.672355e-04
  6.743400e+06   4.512592e-04   8.694798e-04
  6.762100e+06   4.524184e-04   8.717133e-04
  6.780900e+06   4.535720e-04   8.739360e-04
  6.799700e+06   4.547200e-04   8.761480e-04
  6.818500e+06   4.558624e-04   8.783492e-04
  6.837300e+06   4.569992e-04   8.805395e-04
  6.856100e+06   4.581248e-04   8.827083e-04
  6.874800e+06   4.592504e-04   8.848771e-04
  6.893600e+06   4.603648e-04   8.870243e-04
  6.912400e+06   4.614736e-04   8.891607e-04
  6.931200e+06   4.625768e-04   8.912864e-04
  6.950000e+06   4.636744e-04   8.934012e-04
  6.968800e+06   4.647664e-04   8.955053e-04
  6.987500e+06   4.658528e-04   8.975985e-04
  7.006300e+06   4.669280e-04   8.996702e-04
  7.025100e+06   4.680032e-04   9.017419e-04
  7.043900e+06   4.690672e-04   9.037920e-04
  7.062700e+06   4.701256e-04   9.058313e-04
  7.081500e+06   4.711784e-04   9.078598e-04
  7.100300e+06   4.722256e-04   9.098775e-04
  7.119000e+06   4.732616e-04   9.118737e-04
  7.137800e+06   4.742976e-04   9.138698e-04
  7.156600e+06   4.753224e-04   9.158444e-04
  7.175400e+06   4.763416e-04   9.178082e-04
  7.194200e+06   4.773552e-04   9.197612e-04
  7.213000e+06   4.783576e-04   9.216926e-04
  7.231700e+06   4.793600e-04   9.236240e-04
  7.250500e+06   4.803512e-04   9.255338e-04
  7.269300e+06   4.813368e-04   9.274329e-04
  7.288100e+06   4.823168e-04   9.293211e-04
  7.306900e+06   4.832912e-04   9.311986e-04
  7.325700e+06   4.842544e-04   9.330545e-04
  7.344400e+06   4.852120e-04   9.348995e-04
  7.363200e+06   4.861640e-04   9.367338e-04
  7.382000e+06   4.871104e-04   9.385574e-04
  7.400800e+06   4.880456e-04   9.403593e-04
  7.419600e+06   4.889808e-04   9.421612e-04
  7.438400e+06   4.899048e-04   9.439416e-04
  7.457100e+06   4.908232e-04   9.457111e-04
  7.475900e+06   4.917304e-04   9.474591e-04
  7.494700e+06   4.926320e-04   9.491963e-04
  7.513500e+06   4.935280e-04   9.509227e-04
  7.532300e+06   4.944184e-04   9.526383e-04
  7.551100e+06   4.953032e-04   9.543431e-04
  7.569800e+06   4.961768e-04   9.560264e-04
  7.588600e+06   4.970448e-04   9.576988e-04
  7.607400e+06   4.979016e-04   9.593497e-04
  7.626200e+06   4.987584e-04   9.610006e-04
  7.645000e+06   4.996040e-04   9.626298e-04
  7.663800e+06   5.004440e-04   9.642484e-04
  7.682500e+06   5.012728e-04   9.658453e-04
  7.701300e+06   5.020960e-04   9.674314e-04
  7.720100e+06   5.029136e-04   9.690067e-04
  7.738900e+06   5.037256e-04   9.705713e-04
  7.757700e+06   5.045264e-04   9.721143e-04
  7.776500e+06   5.053216e-04   9.736464e-04
  7.795200e+06   5.061112e-04   9.751678e-04
  7.814000e+06   5.068896e-04   9.766676e-04
  7.832800e+06   5.076624e-04   9.781567e-04
  7.851600e+06   5.084296e-04   9.796349e-04
  7.870400e+06   5.091856e-04   9.810915e-04
  7.889200e+06   5.099360e-04   9.825374e-04
  7.908000e+06   5.106808e-04   9.839725e-04
  7.926700e+06   5.114200e-04   9.853967e-04
  7.945500e+06   5.121480e-04   9.867994e-04
  7.964300e+06   5.128648e-04   9.881806e-04
  7.983100e+06   5.135816e-04   9.895617e-04
  8.001900e+06   5.142872e-04   9.909212e-04
  8.020700e+06   5.149816e-04   9.922592e-04
  8.039400e+06   5.156760e-04   9.935971e-04
  8.058200e+06   5.163592e-04   9.949135e-04
  8.077000e+06   5.170312e-04   9.962083e-04
  8.095800e+06   5.177032e-04   9.975031e-04
  8.114600e+06   5.183640e-04   9.987763e-04
  8.133400e+06   5.190136e-04   1.000028e-03
  8.152100e+06   5.196576e-04   1.001269e-03
  8.170900e+06   5.202960e-04   1.002499e-03
  8.189700e+06   5.209232e-04   1.003707e-03
  8.208500e+06   5.215448e-04   1.004905e-03
  8.227300e+06   5.221608e-04   1.006092e-03
  8.246100e+06   5.227656e-04   1.007257e-03
  8.264800e+06   5.233648e-04   1.008412e-03
  8.283600e+06   5.239584e-04   1.009556e-03
  8.302400e+06   5.245408e-04   1.010678e-03
  8.321200e+06   5.251120e-04   1.011778e-03
  8.340000e+06   5.256832e-04   1.012879e-03
  8.358800e+06   5.262432e-04   1.013958e-03
  8.377500e+06   5.267920e-04   1.015015e-03
  8.396300e+06   5.273352e-04   1.016062e-03
  8.415100e+06   5.278728e-04   1.017098e-03
  8.433900e+06   5.283992e-04   1.018112e-03
  8.452700e+06   5.289200e-04   1.019116e-03
  8.471500e+06   5.294296e-04   1.020097e-03
  8.490200e+06   5.299392e-04   1.021079e-03
  8.509000e+06   5.304320e-04   1.022029e-03
  8.527800e+06   5.309192e-04   1.022968e-03
  8.546600e+06   5.314008e-04   1.023896e-03
  8.565400e+06   5.318768e-04   1.024813e-03
  8.584200e+06   5.323360e-04   1.025697e-03
  8.602900e+06   5.327952e-04   1.026582e-03
  8.621700e+06   5.332432e-04   1.027445e-03
  8.640500e+06   5.336856e-04   1.028298e-03
  8.659300e+06   5.341168e-04   1.029129e-03
  8.678100e+06   5.345424e-04   1.029949e-03
  8.696900e+06   5.349568e-04   1.030747e-03
  8.715700e+06   5.353656e-04   1.031535e-03
  8.734400e+06   5.357632e-04   1.032301e-03
  8.753200e+06   5.361552e-04   1.033056e-03
  8.772000e+06   5.365416e-04   1.033801e-03
  8.790800e+06   5.369168e-04   1.034524e-03
  8.809600e+06   5.372864e-04   1.035236e-03
  8.828400e+06   5.376448e-04   1.035926e-03
  8.847100e+06   5.379976e-04   1.036606e-03
  8.865900e+06   5.383392e-04   1.037264e-03
  8.884700e+06   5.386752e-04   1.037912e-03
  8.903500e+06   5.390056e-04   1.038548e-03
  8.922300e+06   5.393248e-04   1.039163e-03
  8.941100e+06   5.396328e-04   1.039757e-03
  8.959800e+06   5.399408e-04   1.040350e-03
  8.978600e+06   5.402320e-04   1.040911e-03
  8.997400e+06   5.405176e-04   1.041462e-03
  9.016200e+06   5.407976e-04   1.042001e-03
  9.035000e+06   5.410664e-04   1.042519e-03
  9.053800e+06   5.413296e-04   1.043026e-03
  9.072500e+06   5.415816e-04   1.043512e-03
  9.091300e+06   5.418280e-04   1.043986e-03
  9.110100e+06   5.420688e-04   1.044450e-03
  9.128900e+06   5.422984e-04   1.044893e-03
  9.147700e+06   5.425168e-04   1.045314e-03
  9.166500e+06   5.427296e-04   1.045724e-03
  9.185200e+06   5.429368e-04   1.046123e-03
  9.204000e+06   5.431328e-04   1.046501e-03
  9.222800e+06   5.433176e-04   1.046857e-03
  9.241600e+06   5.435024e-04   1.047213e-03
  9.260400e+06   5.436704e-04   1.047536e-03
  9.279200e+06   5.438328e-04   1.047849e-03
  9.297900e+06   5.439896e-04   1.048151e-03
  9.316700e+06   5.441352e-04   1.048432e-03
  9.335500e+06   5.442752e-04   1.048702e-03
  9.354300e+06   5.444040e-04   1.048950e-03
  9.373100e+06   5.445272e-04   1.049187e-03
  9.391900e+06   5.446448e-04   1.049414e-03
  9.410600e+06   5.447456e-04   1.049608e-03
  9.429400e+06   5.448464e-04   1.049802e-03
  9.448200e+06   5.449360e-04   1.049975e-03
  9.467000e+06   5.450144e-04   1.050126e-03
  9.485800e+06   5.450872e-04   1.050266e-03
  9.504600e+06   5.451544e-04   1.050396e-03
  9.523400e+06   5.452104e-04   1.050504e-03
  9.542100e+06   5.452552e-04   1.050590e-03
  9.560900e+06   5.452944e-04   1.050666e-03
  9.579700e+06   5.453280e-04   1.050730e-03
  9.598500e+06   5.453504e-04   1.050773e-03
  9.617300e+06   5.453616e-04   1.050795e-03
  9.636100e+06   5.453672e-04   1.050806e-03
  9.654800e+06   5.453672e-04   1.050806e-03
  9.673600e+06   5.453560e-04   1.050784e-03
  9.692400e+06   5.453392e-04   1.050752e-03
  9.711200e+06   5.453112e-04   1.050698e-03
  9.730000e+06   5.452776e-04   1.050633e-03
  9.748800e+06   5.452328e-04   1.050547e-03
  9.767500e+06   5.451824e-04   1.050450e-03
  9.786300e+06   5.451208e-04   1.050331e-03
  9.805100e+06   5.450536e-04   1.050201e-03
  9.823900e+06   5.449752e-04   1.050050e-03
  9.842700e+06   5.448912e-04   1.049889e-03
  9.861500e+06   5.447960e-04   1.049705e-03
  9.880200e+06   5.446952e-04   1.049511e-03
  9.899000e+06   5.445888e-04   1.049306e-03
  9.917800e+06   5.444712e-04   1.049079e-03
  9.936600e+06   5.443424e-04   1.048831e-03
  9.955400e+06   5.442080e-04   1.048572e-03
  9.974200e+06   5.440624e-04   1.048292e-03
  9.992900e+06   5.439168e-04   1.048011e-03
  1.001200e+07   5.437544e-04   1.047698e-03
  1.003100e+07   5.435864e-04   1.047374e-03
  1.004900e+07   5.434128e-04   1.047040e-03
  1.006800e+07   5.432280e-04   1.046684e-03
  1.008700e+07   5.430376e-04   1.046317e-03
  1.010600e+07   5.428360e-04   1.045929e-03
  1.012400e+07   5.426232e-04   1.045519e-03
  1.014300e+07   5.424104e-04   1.045109e-03
  1.016200e+07   5.421808e-04   1.044666e-03
  1.018100e+07   5.419512e-04   1.044224e-03
  1.020000e+07   5.417104e-04   1.043760e-03
  1.021800e+07   5.414584e-04   1.043274e-03
  1.023700e+07   5.412008e-04   1.042778e-03
  1.025600e+07   5.409320e-04   1.042260e-03
  1.027500e+07   5.406576e-04   1.041731e-03
  1.029300e+07   5.403776e-04   1.041192e-03
  1.031200e+07   5.400864e-04   1.040631e-03
  1.033100e+07   5.397896e-04   1.040059e-03
  1.035000e+07   5.394816e-04   1.039465e-03
  1.036900e+07   5.391624e-04   1.038850e-03
  1.038700e+07   5.388432e-04   1.038235e-03
  1.040600e+07   5.385072e-04   1.037588e-03
  1.042500e+07   5.381712e-04   1.036941e-03
  1.044400e+07   5.378240e-04   1.036272e-03
  1.046300e+07   5.374656e-04   1.035581e-03
  1.048100e+07   5.371016e-04   1.034880e-03
  1.050000e+07   5.367320e-04   1.034168e-03
  1.051900e+07   5.363512e-04   1.033434e-03
  1.053800e+07   5.359592e-04   1.032678e-03
  1.055600e+07   5.355672e-04   1.031923e-03
  1.057500e+07   5.351584e-04   1.031136e-03
  1.059400e+07   5.347496e-04   1.030348e-03
  1.061300e+07   5.343296e-04   1.029539e-03
  1.063200e+07   5.338984e-04   1.028708e-03
  1.065000e+07   5.334616e-04   1.027866e-03
  1.066900e+07   5.330192e-04   1.027014e-03
  1.068800e+07   5.325656e-04   1.026140e-03
  1.070700e+07   5.321064e-04   1.025255e-03
  1.072600e+07   5.316360e-04   1.024349e-03
  1.074400e+07   5.311600e-04   1.023431e-03
  1.076300e+07   5.306728e-04   1.022493e-03
  1.078200e+07   5.301800e-04   1.021543e-03
  1.080100e+07   5.296816e-04   1.020583e-03
  1.081900e+07   5.291720e-04   1.019601e-03
  1.083800e+07   5.286568e-04   1.018608e-03
  1.085700e+07   5.281304e-04   1.017594e-03
  1.087600e+07   5.275984e-04   1.016569e-03
  1.089500e+07   5.270608e-04   1.015533e-03
  1.091300e+07   5.265120e-04   1.014476e-03
  1.093200e+07   5.259576e-04   1.013408e-03
  1.095100e+07   5.253920e-04   1.012318e-03
  1.097000e+07   5.248208e-04   1.011217e-03
  1.098800e+07   5.242440e-04   1.010106e-03
  1.100700e+07   5.236560e-04   1.008973e-03
  1.102600e+07   5.230568e-04   1.007818e-03
  1.104500e+07   5.224576e-04   1.006664e-03
  1.106400e+07   5.218472e-04   1.005488e-03
  1.108200e+07   5.212256e-04   1.004290e-03
  1.110100e+07   5.206040e-04   1.003092e-03
  1.112000e+07   5.199656e-04   1.001862e-03
  1.113900e+07   5.193272e-04   1.000632e-03
  1.115800e+07   5.186776e-04   9.993806e-04
  1.117600e+07   5.180224e-04   9.981182e-04
  1.119500e+07   5.173560e-04   9.968342e-04
  1.121400e+07   5.166840e-04   9.955394e-04
  1.123300e+07   5.160064e-04   9.942338e-04
  1.125100e+07   5.153176e-04   9.929066e-04
  1.127000e+07   5.146232e-04   9.915686e-04
  1.128900e+07   5.139176e-04   9.902091e-04
  1.130800e+07   5.132120e-04   9.888495e-04
  1.132700e+07   5.124896e-04   9.874576e-04
  1.134500e+07   5.117672e-04   9.860657e-04
  1.136400e+07   5.110336e-04   9.846522e-04
  1.138300e+07   5.102944e-04   9.832280e-04
  1.140200e+07   5.095440e-04   9.817821e-04
  1.142100e+07   5.087936e-04   9.803362e-04
  1.143900e+07   5.080264e-04   9.788580e-04
  1.145800e+07   5.072592e-04   9.773798e-04
  1.147700e+07   5.064808e-04   9.758800e-04
  1.149600e+07   5.056968e-04   9.743694e-04
  1.151400e+07   5.049016e-04   9.728372e-04
  1.153300e+07   5.041064e-04   9.713050e-04
  1.155200e+07   5.033000e-04   9.697513e-04
  1.157100e+07   5.024824e-04   9.681759e-04
  1.159000e+07   5.016592e-04   9.665898e-04
  1.160800e+07   5.008360e-04   9.650036e-04
  1.162700e+07   4.999960e-04   9.633852e-04
  1.164600e+07   4.991560e-04   9.617666e-04
  1.166500e+07   4.983048e-04   9.601266e-04
  1.168300e+07   4.974480e-04   9.584757e-04
  1.170200e+07   4.965800e-04   9.568032e-04
  1.172100e+07   4.957064e-04   9.551200e-04
  1.174000e+07   4.948272e-04   9.534260e-04
  1.175900e+07   4.939424e-04   9.517212e-04
  1.177700e+07   4.930464e-04   9.499948e-04
  1.179600e+07   4.921504e-04   9.482684e-04
  1.181500e+07   4.912432e-04   9.465204e-04
  1.183400e+07   4.903248e-04   9.447508e-04
  1.185300e+07   4.894064e-04   9.429813e-04
  1.187100e+07   4.884768e-04   9.411901e-04
  1.189000e+07   4.875416e-04   9.393882e-04
  1.190900e+07   4.866008e-04   9.375755e-04
  1.192800e+07   4.856488e-04   9.357412e-04
  1.194600e+07   4.846912e-04   9.338961e-04
  1.196500e+07   4.837280e-04   9.320402e-04
  1.198400e+07   4.827592e-04   9.301735e-04
  1.200300e+07   4.817848e-04   9.282961e-04
  1.202200e+07   4.807992e-04   9.263970e-04
  1.204000e+07   4.798080e-04   9.244872e-04
  1.205900e+07   4.788112e-04   9.225666e-04
  1.207800e+07   4.778088e-04   9.206352e-04
  1.209700e+07   4.767952e-04   9.186822e-04
  1.211600e+07   4.757760e-04   9.167184e-04
  1.213400e+07   4.747568e-04   9.147546e-04
  1.215300e+07   4.737208e-04   9.127585e-04
  1.217200e+07   4.726848e-04   9.107623e-04
  1.219100e+07   4.716432e-04   9.087554e-04
  1.220900e+07   4.705904e-04   9.067269e-04
  1.222800e+07   4.695376e-04   9.046983e-04
  1.224700e+07   4.684736e-04   9.026482e-04
  1.226600e+07   4.673984e-04   9.005766e-04
  1.228500e+07   4.663232e-04   8.985049e-04
  1.230300e+07   4.652424e-04   8.964224e-04
  1.232200e+07   4.641504e-04   8.943184e-04
  1.234100e+07   4.630584e-04   8.922143e-04
  1.236000e+07   4.619552e-04   8.900887e-04
  1.237800e+07   4.608464e-04   8.879523e-04
  1.239700e+07   4.597320e-04   8.858051e-04
  1.241600e+07   4.586120e-04   8.836471e-04
  1.243500e+07   4.574864e-04   8.814783e-04
  1.245400e+07   4.563496e-04   8.792879e-04
  1.247200e+07   4.552128e-04   8.770975e-04
  1.249100e+07   4.540648e-04   8.748856e-04
  1.251000e+07   4.529112e-04   8.726628e-04
  1.252900e+07   4.517576e-04   8.704401e-04
  1.254800e+07   4.505928e-04   8.681958e-04
  1.256600e+07   4.494224e-04   8.659407e-04
  1.258500e+07   4.482464e-04   8.636748e-04
  1.260400e+07   4.470648e-04   8.613981e-04
  1.262300e+07   4.458776e-04   8.591106e-04
  1.264100e+07   4.446792e-04   8.568015e-04
  1.266000e+07   4.434808e-04   8.544925e-04
  1.267900e+07   4.422768e-04   8.521726e-04
  1.269800e+07   4.410616e-04   8.498312e-04
  1.271700e+07   4.398464e-04   8.474898e-04
  1.273500e+07   4.386256e-04   8.451375e-04
  1.275400e+07   4.373936e-04   8.427637e-04
  1.277300e+07   4.361616e-04   8.403899e-04
  1.279200e+07   4.349184e-04   8.379946e-04
  1.281100e+07   4.336752e-04   8.355992e-04
  1.282900e+07   4.324208e-04   8.331822e-04
  1.284800e+07   4.311664e-04   8.307653e-04
  1.286700e+07   4.299008e-04   8.283267e-04
  1.288600e+07   4.286352e-04   8.258882e-04
  1.290400e+07   4.273584e-04   8.234281e-04
  1.292300e+07   4.260816e-04   8.209679e-04
  1.294200e+07   4.247936e-04   8.184862e-04
  1.296100e+07   4.235056e-04   8.160045e-04
  1.298000e+07   4.222120e-04   8.135120e-04
  1.299800e+07   4.209128e-04   8.110088e-04
  1.301700e+07   4.196024e-04   8.084839e-04
  1.303600e+07   4.182920e-04   8.059590e-04
  1.305500e+07   4.169760e-04   8.034234e-04
  1.307300e+07   4.156544e-04   8.008770e-04
  1.309200e+07   4.143272e-04   7.983197e-04
  1.311100e+07   4.129944e-04   7.957517e-04
  1.313000e+07   4.116616e-04   7.931837e-04
  1.314900e+07   4.103176e-04   7.905941e-04
  1.316700e+07   4.089680e-04   7.879937e-04
  1.318600e+07   4.076184e-04   7.853933e-04
  1.320500e+07   4.062632e-04   7.827821e-04
  1.322400e+07   4.048968e-04   7.801494e-04
  1.324300e+07   4.035304e-04   7.775166e-04
  1.326100e+07   4.021584e-04   7.748731e-04
  1.328000e+07   4.007864e-04   7.722295e-04
  1.329900e+07   3.994032e-04   7.695644e-04
  1.331800e+07   3.980200e-04   7.668993e-04
  1.333600e+07   3.966256e-04   7.642125e-04
  1.335500e+07   3.952312e-04   7.615258e-04
  1.337400e+07   3.938312e-04   7.588283e-04
  1.339300e+07   3.924256e-04   7.561200e-04
  1.341200e+07   3.910200e-04   7.534117e-04
  1.343000e+07   3.896032e-04   7.506819e-04
  1.344900e+07   3.881864e-04   7.479520e-04
  1.346800e+07   3.867640e-04   7.452113e-04
  1.348700e+07   3.853360e-04   7.424599e-04
  1.350600e+07   3.839080e-04   7.397084e-04
  1.352400e+07   3.824688e-04   7.369354e-04
  1.354300e+07   3.810296e-04   7.341624e-04
  1.356200e+07   3.795848e-04   7.313786e-04
  1.358100e+07   3.781400e-04   7.285947e-04
  1.359900e+07   3.766840e-04   7.257894e-04
  1.361800e+07   3.752280e-04   7.229839e-04
  1.363700e+07   3.737720e-04   7.201785e-04
  1.365600e+07   3.723048e-04   7.173516e-04
  1.367500e+07   3.708376e-04   7.145246e-04
  1.369300e+07   3.693648e-04   7.116868e-04
  1.371200e+07   3.678864e-04   7.088383e-04
  1.373100e+07   3.664080e-04   7.059897e-04
  1.375000e+07   3.649240e-04   7.031303e-04
  1.376800e+07   3.634344e-04   7.002602e-04
  1.378700e+07   3.619448e-04   6.973901e-04
  1.380600e+07   3.604496e-04   6.945091e-04
  1.382500e+07   3.589488e-04   6.916174e-04
  1.384400e+07   3.574480e-04   6.887257e-04
  1.386200e+07   3.559416e-04   6.858232e-04
  1.388100e+07   3.544296e-04   6.829099e-04
  1.390000e+07   3.529176e-04   6.799966e-04
  1.391900e+07   3.514000e-04   6.770725e-04
  1.393800e+07   3.498768e-04   6.741376e-04
  1.395600e+07   3.483536e-04   6.712027e-04
  1.397500e+07   3.468304e-04   6.682679e-04
  1.399400e+07   3.452960e-04   6.653114e-04
  1.401300e+07   3.437616e-04   6.623549e-04
  1.403100e+07   3.422272e-04   6.593985e-04
  1.405000e+07   3.406872e-04   6.564312e-04
  1.406900e+07   3.391472e-04   6.534640e-04
  1.408800e+07   3.375960e-04   6.504752e-04
  1.410700e+07   3.360504e-04   6.474971e-04
  1.412500e+07   3.344992e-04   6.445083e-04
  1.414400e+07   3.329424e-04   6.415087e-04
  1.416300e+07   3.313856e-04   6.385090e-04
  1.418200e+07   3.298232e-04   6.354986e-04
  1.420100e+07   3.282608e-04   6.324882e-04
  1.421900e+07   3.266928e-04   6.294670e-04
  1.423800e+07   3.251248e-04   6.264458e-04
  1.425700e+07   3.235512e-04   6.234138e-04
  1.427600e+07   3.219776e-04   6.203818e-04
  1.429400e+07   3.204040e-04   6.173498e-04
  1.431300e+07   3.188192e-04   6.142963e-04
  1.433200e+07   3.172400e-04   6.112535e-04
  1.435100e+07   3.156552e-04   6.081999e-04
  1.437000e+07   3.140704e-04   6.051464e-04
  1.438800e+07   3.124800e-04   6.020820e-04
  1.440700e+07   3.108896e-04   5.990176e-04
  1.442600e+07   3.092936e-04   5.959425e-04
  1.444500e+07   3.076976e-04   5.928673e-04
  1.446300e+07   3.061016e-04   5.897922e-04
  1.448200e+07   3.045000e-04   5.867062e-04
  1.450100e+07   3.028984e-04   5.836203e-04
  1.452000e+07   3.012968e-04   5.805344e-04
  1.453900e+07   2.996896e-04   5.774376e-04
  1.455700e+07   2.980824e-04   5.743409e-04
  1.457600e+07   2.964696e-04   5.712334e-04
  1.459500e+07   2.948568e-04   5.681259e-04
  1.461400e+07   2.932440e-04   5.650184e-04
  1.463300e+07   2.916312e-04   5.619108e-04
  1.465100e+07   2.900128e-04   5.587925e-04
  1.467000e+07   2.883944e-04   5.556742e-04
  1.468900e+07   2.867760e-04   5.525559e-04
  1.470800e+07   2.851520e-04   5.494268e-04
  1.472600e+07   2.835336e-04   5.463085e-04
  1.474500e+07   2.819096e-04   5.431794e-04
  1.476400e+07   2.802800e-04   5.400395e-04
  1.478300e+07   2.786560e-04   5.369104e-04
  1.480200e+07   2.770264e-04   5.337705e-04
  1.482000e+07   2.753968e-04   5.306306e-04
  1.483900e+07   2.737672e-04   5.274907e-04
  1.485800e+07   2.721376e-04   5.243508e-04
  1.487700e+07   2.705024e-04   5.212002e-04
  1.489500e+07   2.688672e-04   5.180495e-04
  1.491400e+07   2.672320e-04   5.148988e-04
  1.493300e+07   2.655968e-04   5.117481e-04
  1.495200e+07   2.639616e-04   5.085974e-04
  1.497100e+07   2.623264e-04   5.054468e-04
  1.498900e+07   2.606856e-04   5.022853e-04
  1.500800e+07   2.590504e-04   4.991346e-04
  1.502700e+07   2.574096e-04   4.959731e-04
  1.504600e+07   2.557688e-04   4.928117e-04
  1.506500e+07   2.541336e-04   4.896610e-04
  1.508300e+07   2.524928e-04   4.864995e-04
  1.510200e+07   2.508464e-04   4.833273e-04
  1.512100e+07   2.492056e-04   4.801658e-04
  1.514000e+07   2.475648e-04   4.770043e-04
  1.515800e+07   2.459240e-04   4.738428e-04
  1.517700e+07   2.442832e-04   4.706814e-04
  1.519600e+07   2.426424e-04   4.675199e-04
  1.521500e+07   2.409960e-04   4.643476e-04
  1.523400e+07   2.393552e-04   4.611862e-04
  1.525200e+07   2.377144e-04   4.580247e-04
  1.527100e+07   2.360680e-04   4.548524e-04
  1.529000e+07   2.344272e-04   4.516910e-04
  1.530900e+07   2.327864e-04   4.485295e-04
  1.532800e+07   2.311456e-04   4.453680e-04
  1.534600e+07   2.295048e-04   4.422066e-04
  1.536500e+07   2.278640e-04   4.390451e-04
  1.538400e+07   2.262232e-04   4.358836e-04
  1.540300e+07   2.245824e-04   4.327222e-04
  1.542100e+07   2.229416e-04   4.295607e-04
  1.544000e+07   2.213064e-04   4.264100e-04
  1.545900e+07   2.196656e-04   4.232485e-04
  1.547800e+07   2.180304e-04   4.200979e-04
  1.549700e+07   2.163952e-04   4.169472e-04
  1.551500e+07   2.147544e-04   4.137857e-04
  1.553400e+07   2.131248e-04   4.106458e-04
  1.555300e+07   2.114896e-04   4.074951e-04
  1.557200e+07   2.098544e-04   4.043445e-04
  1.559000e+07   2.082248e-04   4.012046e-04
  1.560900e+07   2.065952e-04   3.980647e-04
  1.562800e+07   2.049656e-04   3.949248e-04
  1.564700e+07   2.033360e-04   3.917849e-04
  1.566600e+07   2.017064e-04   3.886450e-04
  1.568400e+07   2.000824e-04   3.855159e-04
  1.570300e+07   1.984584e-04   3.823868e-04
  1.572200e+07   1.968344e-04   3.792577e-04
  1.574100e+07   1.952160e-04   3.761394e-04
  1.576000e+07   1.935976e-04   3.730211e-04
  1.577800e+07   1.919792e-04   3.699028e-04
  1.579700e+07   1.903608e-04   3.667845e-04
  1.581600e+07   1.887480e-04   3.636770e-04
  1.583500e+07   1.871352e-04   3.605694e-04
  1.585300e+07   1.855224e-04   3.574619e-04
  1.587200e+07   1.839152e-04   3.543652e-04
  1.589100e+07   1.823080e-04   3.512685e-04
  1.591000e+07   1.807064e-04   3.481825e-04
  1.592900e+07   1.791048e-04   3.450966e-04
  1.594700e+07   1.775032e-04   3.420106e-04
  1.596600e+07   1.759072e-04   3.389355e-04
  1.598500e+07   1.743112e-04   3.358603e-04
  1.600400e+07   1.727208e-04   3.327960e-04
  1.602300e+07   1.711304e-04   3.297316e-04
  1.604100e+07   1.695400e-04   3.266673e-04
  1.606000e+07   1.679552e-04   3.236137e-04
  1.607900e+07   1.663760e-04   3.205709e-04
  1.609800e+07   1.647968e-04   3.175281e-04
  1.611600e+07   1.632176e-04   3.144853e-04
  1.613500e+07   1.616440e-04   3.114534e-04
  1.615400e+07   1.600704e-04   3.084214e-04
  1.617300e+07   1.585024e-04   3.054002e-04
  1.619200e+07   1.569400e-04   3.023898e-04
  1.621000e+07   1.553776e-04   2.993793e-04
  1.622900e+07   1.538208e-04   2.963797e-04
  1.624800e+07   1.522640e-04   2.933801e-04
  1.626700e+07   1.507128e-04   2.903913e-04
  1.628500e+07   1.491616e-04   2.874024e-04
  1.630400e+07   1.476160e-04   2.844244e-04
  1.632300e+07   1.460760e-04   2.814571e-04
  1.634200e+07   1.445360e-04   2.784899e-04
  1.636100e+07   1.430072e-04   2.755442e-04
  1.637900e+07   1.414728e-04   2.725878e-04
  1.639800e+07   1.399496e-04   2.696529e-04
  1.641700e+07   1.384264e-04   2.667180e-04
  1.643600e+07   1.369032e-04   2.637831e-04
  1.645500e+07   1.353912e-04   2.608698e-04
  1.647300e+07   1.338792e-04   2.579565e-04
  1.649200e+07   1.323728e-04   2.550540e-04
  1.651100e+07   1.308720e-04   2.521623e-04
  1.653000e+07   1.293712e-04   2.492706e-04
  1.654800e+07   1.278760e-04   2.463897e-04
  1.656700e+07   1.263864e-04   2.435195e-04
  1.658600e+07   1.249024e-04   2.406602e-04
  1.660500e+07   1.234240e-04   2.378116e-04
  1.662400e+07   1.219456e-04   2.349630e-04
  1.664200e+07   1.204784e-04   2.321361e-04
  1.666100e+07   1.190112e-04   2.293091e-04
  1.668000e+07   1.175496e-04   2.264929e-04
  1.669900e+07   1.160936e-04   2.236875e-04
  1.671800e+07   1.146376e-04   2.208821e-04
  1.673600e+07   1.131928e-04   2.180983e-04
  1.675500e+07   1.117536e-04   2.153252e-04
  1.677400e+07   1.103144e-04   2.125522e-04
  1.679300e+07   1.088864e-04   2.098008e-04
  1.681100e+07   1.074584e-04   2.070493e-04
  1.683000e+07   1.060416e-04   2.043194e-04
  1.684900e+07   1.046248e-04   2.015896e-04
  1.686800e+07   1.032136e-04   1.988705e-04
  1.688700e+07   1.018136e-04   1.961730e-04
  1.690500e+07   1.004136e-04   1.934755e-04
  1.692400e+07   9.901920e-05   1.907888e-04
  1.694300e+07   9.763600e-05   1.881237e-04
  1.696200e+07   9.625280e-05   1.854585e-04
  1.698000e+07   9.488080e-05   1.828150e-04
  1.699900e+07   9.350880e-05   1.801714e-04
  1.701800e+07   9.214800e-05   1.775495e-04
  1.703700e+07   9.079280e-05   1.749383e-04
  1.705600e+07   8.944320e-05   1.723379e-04
  1.707400e+07   8.809920e-05   1.697483e-04
  1.709300e+07   8.676080e-05   1.671695e-04
  1.711200e+07   8.543360e-05   1.646122e-04
  1.713100e+07   8.410640e-05   1.620550e-04
  1.715000e+07   8.279040e-05   1.595194e-04
  1.716800e+07   8.148000e-05   1.569945e-04
  1.718700e+07   8.017520e-05   1.544804e-04
  1.720600e+07   7.887600e-05   1.519771e-04
  1.722500e+07   7.758800e-05   1.494954e-04
  1.724300e+07   7.630560e-05   1.470245e-04
  1.726200e+07   7.502880e-05   1.445644e-04
  1.728100e+07   7.376320e-05   1.421259e-04
  1.730000e+07   7.249760e-05   1.396873e-04
  1.731900e+07   7.124320e-05   1.372704e-04
  1.733700e+07   7.000000e-05   1.348750e-04
  1.735600e+07   6.875680e-05   1.324796e-04
  1.737500e+07   6.752480e-05   1.301058e-04
  1.739400e+07   6.630400e-05   1.277536e-04
  1.741300e+07   6.508320e-05   1.254014e-04
  1.743100e+07   6.387920e-05   1.230815e-04
  1.745000e+07   6.267520e-05   1.207617e-04
  1.746900e+07   6.148240e-05   1.184634e-04
  1.748800e+07   6.030080e-05   1.161867e-04
  1.750600e+07   5.911920e-05   1.139100e-04
  1.752500e+07   5.795440e-05   1.116657e-04
  1.754400e+07   5.678960e-05   1.094214e-04
  1.756300e+07   5.563936e-05   1.072051e-04
  1.758200e+07   5.449584e-05   1.050018e-04
  1.760000e+07   5.336016e-05   1.028136e-04
  1.761900e+07   5.223344e-05   1.006426e-04
  1.763800e+07   5.111512e-05   9.848788e-05
  1.765700e+07   5.000576e-05   9.635038e-05
  1.767500e+07   4.890480e-05   9.422907e-05
  1.769400e+07   4.781280e-05   9.212502e-05
  1.771300e+07   4.672976e-05   9.003823e-05
  1.773200e+07   4.565568e-05   8.796871e-05
  1.775100e+07   4.459056e-05   8.591645e-05
  1.776900e+07   4.353496e-05   8.388254e-05
  1.778800e+07   4.248832e-05   8.186589e-05
  1.780700e+07   4.145120e-05   7.986758e-05
  1.782600e+07   4.042304e-05   7.788654e-05
  1.784500e+07   3.940496e-05   7.592491e-05
  1.786300e+07   3.839584e-05   7.398056e-05
  1.788200e+07   3.739680e-05   7.205562e-05
  1.790100e+07   3.640672e-05   7.014795e-05
  1.792000e+07   3.542728e-05   6.826078e-05
  1.793800e+07   3.445680e-05   6.639087e-05
  1.795700e+07   3.349696e-05   6.454146e-05
  1.797600e+07   3.254664e-05   6.271040e-05
  1.799500e+07   3.160640e-05   6.089876e-05
  1.801400e+07   3.067680e-05   5.910762e-05
  1.803200e+07   2.975672e-05   5.733482e-05
  1.805100e+07   2.884728e-05   5.558253e-05
  1.807000e+07   2.794792e-05   5.384965e-05
  1.808900e+07   2.705920e-05   5.213728e-05
  1.810800e+07   2.618112e-05   5.044541e-05
  1.812600e+07   2.531312e-05   4.877296e-05
  1.814500e+07   2.445576e-05   4.712101e-05
  1.816400e+07   2.360960e-05   4.549064e-05
  1.818300e+07   2.277352e-05   4.387969e-05
  1.820100e+07   2.194808e-05   4.228925e-05
  1.822000e+07   2.113384e-05   4.072038e-05
  1.823900e+07   2.033024e-05   3.917202e-05
  1.825800e+07   1.953784e-05   3.764523e-05
  1.827700e+07   1.875608e-05   3.613895e-05
  1.829500e+07   1.798552e-05   3.465424e-05
  1.831400e+07   1.722560e-05   3.319004e-05
  1.833300e+07   1.647688e-05   3.174742e-05
  1.835200e+07   1.573936e-05   3.032637e-05
  1.837000e+07   1.501248e-05   2.892583e-05
  1.838900e+07   1.429680e-05   2.754687e-05
  1.840800e+07   1.359176e-05   2.618841e-05
  1.842700e+07   1.289792e-05   2.485153e-05
  1.844600e+07   1.221472e-05   2.353515e-05
  1.846400e+07   1.154160e-05   2.223819e-05
  1.848300e+07   1.087968e-05   2.096281e-05
  1.850200e+07   1.022784e-05   1.970686e-05
  1.852100e+07   9.586640e-06   1.847140e-05
  1.854000e+07   8.954400e-06   1.725321e-05
  1.855800e+07   8.331680e-06   1.605336e-05
  1.857700e+07   7.717360e-06   1.486970e-05
  1.859600e+07   7.111440e-06   1.370222e-05
  1.861500e+07   6.512240e-06   1.254769e-05
  1.863300e+07   5.918080e-06   1.140287e-05
  1.865200e+07   5.327560e-06   1.026507e-05
  1.867100e+07   4.737544e-06   9.128232e-06
  1.869000e+07   4.143720e-06   7.984061e-06
  1.870900e+07   3.538976e-06   6.818848e-06
  1.872700e+07   2.911048e-06   5.608966e-06
  1.874600e+07   2.234456e-06   4.305318e-06
  1.876500e+07   1.441384e-06   2.777238e-06
  1.878400e+07   5.600000e-09   1.079000e-08
