# E [eV] - dE_lo - dE_up - Phi [eV^-1 cm^-2 s^-1] - dPhi_lo - dPhi_up
  3.090295e+08   5.784090e+07   8.907763e+07   1.039530e-09   2.183013e-10   2.183013e-10
  4.786301e+08   8.052292e+07   1.523273e+08   4.854596e-10   7.767354e-11   7.767354e-11
  8.128305e+08   1.818732e+08   1.871695e+08   1.768857e-10   2.653286e-11   2.653286e-11
  1.258925e+09   2.589254e+08   3.259678e+08   6.660229e-11   1.065637e-11   1.065637e-11
  1.995262e+09   4.103691e+08   5.166241e+08   2.178005e-11   3.920410e-12   3.920410e-12
  3.235937e+09   7.240501e+08   7.451351e+08   5.754379e-12   1.093332e-12   1.093332e-12
  5.128614e+09   1.147542e+09   1.180960e+09   1.595719e-12   3.031866e-13   3.031866e-13
  7.943282e+09   1.633709e+09   2.056718e+09   4.769967e-13   8.108944e-14   8.108944e-14
  1.621810e+10   6.218101e+09   1.540468e+10   6.258657e-14   8.136254e-15   8.136254e-15
  5.370318e+10   2.208040e+10   4.629682e+10   2.614334e-15   4.182935e-16   4.182935e-16
  2.511886e+11   1.511886e+11   7.488114e+11   2.479586e-17   4.463255e-18   4.463255e-18
  2.454709e+12   1.454709e+12   7.545291e+12   1.522414e-20   3.197069e-21   3.197069e-21
