# E [eV] - dE_lo - dE_up - Phi [eV^-1 cm^-2 s^-1] - dPhi_lo - dPhi_up
  1.949845e+08   3.649514e+07   5.620418e+07   1.999702e-09   3.599463e-10   3.599463e-10
  3.090295e+08   5.784090e+07   8.907763e+07   9.605782e-10   1.632983e-10   1.632983e-10
  5.370318e+08   1.389246e+08   9.392555e+07   3.267918e-10   5.228669e-11   5.228669e-11
  8.128305e+08   1.818732e+08   1.871695e+08   1.302868e-10   1.954302e-11   1.954302e-11
  1.258925e+09   2.589254e+08   3.259678e+08   4.598729e-11   7.817840e-12   7.817840e-12
  1.995262e+09   4.103691e+08   5.166241e+08   1.349416e-11   2.294008e-12   2.294008e-12
  3.162278e+09   6.503912e+08   8.187940e+08   3.826460e-12   6.887628e-13   6.887628e-13
  5.011872e+09   1.030801e+09   1.297701e+09   9.330152e-13   1.772729e-13   1.772729e-13
  7.943282e+09   1.633709e+09   2.056718e+09   2.310297e-13   4.158535e-14   4.158535e-14
  1.659587e+10   6.595869e+09   1.502691e+10   2.148972e-14   3.223458e-15   3.223458e-15
  5.248075e+10   2.085797e+10   4.751925e+10   4.631012e-16   8.335822e-17   8.335822e-17
